

  TXT                
        0       0.006
        1       0.016
        2       0.035
        3       0.061
        4       0.093
        5       0.129
        6       0.168
        7       0.209
        8       0.253
        9       0.298
       10       0.345
       11       0.394
       12       0.445
       13       0.498
       14       0.552
       15       0.608
       16       0.665
       17       0.724
       18       0.784
       19       0.846
       20       0.909
       21       0.974
       22       1.039
       23       1.106
       24       1.175
       25       1.244
       26       1.315
       27       1.387
       28       1.460
       29       1.534
       30       1.610
       31       1.686
       32       1.764
       33       1.842
       34       1.922
       35       2.002
       36       2.084
       37       2.166
       38       2.250
       39       2.334
       40       2.419
       41       2.505
       42       2.592
       43       2.680
       44       2.769
       45       2.858
       46       2.948
       47       3.040
       48       3.131
       49       3.224
       50       3.317
       51       3.412
       52       3.506
       53       3.602
       54       3.698
       55       3.795
       56       3.893
       57       3.991
       58       4.090
       59       4.190
       60       4.290
       61       4.391
       62       4.493
       63       4.595
       64       4.698
       65       4.801
       66       4.905
       67       5.010
       68       5.115
       69       5.221
       70       5.327
       71       5.434
       72       5.541
       73       5.649
       74       5.757
       75       5.866
       76       5.975
       77       6.085
       78       6.195
       79       6.306
       80       6.417
       81       6.529
       82       6.641
       83       6.753
       84       6.866
       85       6.979
       86       7.093
       87       7.207
       88       7.321
       89       7.436
       90       7.551
       91       7.667
       92       7.783
       93       7.899
       94       8.015
       95       8.132
       96       8.250
       97       8.367
       98       8.485
       99       8.603
      100       8.722
      101       8.840
      102       8.959
      103       9.079
      104       9.198
      105       9.318
      106       9.438
      107       9.558
      108       9.679
      109       9.800
      110       9.921
      111      10.042
      112      10.163
      113      10.285
      114      10.407
      115      10.529
      116      10.651
      117      10.773
      118      10.896
      119      11.018
      120      11.141
      121      11.264
      122      11.387
      123      11.511
      124      11.634
      125      11.757
      126      11.881
      127      12.005
      128      12.128
      129      12.252
      130      12.376
      131      12.500
      132      12.624
      133      12.748
      134      12.872
      135      12.996
      136      13.120
      137      13.245
      138      13.369
      139      13.493
      140      13.617
      141      13.741
      142      13.865
      143      13.989
      144      14.113
      145      14.237
      146      14.361
      147      14.485
      148      14.609
      149      14.733
      150      14.856
      151      14.980
      152      15.103
      153      15.226
      154      15.349
      155      15.472
      156      15.595
      157      15.718
      158      15.840
      159      15.963
      160      16.085
      161      16.207
      162      16.328
      163      16.450
      164      16.571
      165      16.692
      166      16.813
      167      16.933
      168      17.054
      169      17.174
      170      17.294
      171      17.413
      172      17.532
      173      17.651
      174      17.770
      175      17.888
      176      18.006
      177      18.124
      178      18.241
      179      18.358
      180      18.475
      181      18.591
      182      18.707
      183      18.823
      184      18.938
      185      19.053
      186      19.167
      187      19.281
      188      19.395
      189      19.508
      190      19.621
      191      19.733
      192      19.845
      193      19.957
      194      20.067
      195      20.178
      196      20.288
      197      20.397
      198      20.506
      199      20.614
      200      20.722
      201      20.829
      202      20.936
      203      21.042
      204      21.148
      205      21.253
      206      21.357
      207      21.461
      208      21.564
      209      21.667
      210      21.769
      211      21.871
      212      21.971
      213      22.072
      214      22.171
      215      22.270
      216      22.369
      217      22.466
      218      22.563
      219      22.659
      220      22.755
      221      22.850
      222      22.944
      223      23.038
      224      23.130
      225      23.222
      226      23.314
      227      23.404
      228      23.494
      229      23.583
      230      23.671
      231      23.758
      232      23.845
      233      23.930
      234      24.015
      235      24.099
      236      24.182
      237      24.264
      238      24.345
      239      24.425
      240      24.504
      241      24.583
      242      24.660
      243      24.736
      244      24.811
      245      24.885
      246      24.958
      247      25.030
      248      25.101
      249      25.170
      250      25.239
      251      25.306
      252      25.371
      253      25.436
      254      25.499
      255      25.561
      256      25.621
      257      25.680
      258      25.737
      259      25.793
      260      25.847
      261      25.899
      262      25.950
      263      25.998
      264      26.045
      265      26.090
      266      26.132
      267      26.172
      268      26.210
      269      26.245
