

  TXT                
        0       0.048
        1       0.074
        2       0.106
        3       0.144
        4       0.186
        5       0.230
        6       0.276
        7       0.325
        8       0.375
        9       0.427
       10       0.480
       11       0.536
       12       0.593
       13       0.651
       14       0.711
       15       0.772
       16       0.835
       17       0.900
       18       0.965
       19       1.032
       20       1.100
       21       1.170
       22       1.241
       23       1.312
       24       1.386
       25       1.460
       26       1.535
       27       1.611
       28       1.689
       29       1.768
       30       1.847
       31       1.928
       32       2.009
       33       2.092
       34       2.175
       35       2.260
       36       2.345
       37       2.432
       38       2.519
       39       2.607
       40       2.696
       41       2.786
       42       2.876
       43       2.968
       44       3.060
       45       3.153
       46       3.247
       47       3.341
       48       3.436
       49       3.532
       50       3.629
       51       3.726
       52       3.824
       53       3.923
       54       4.023
       55       4.123
       56       4.223
       57       4.325
       58       4.427
       59       4.529
       60       4.633
       61       4.736
       62       4.841
       63       4.946
       64       5.051
       65       5.157
       66       5.264
       67       5.371
       68       5.479
       69       5.587
       70       5.696
       71       5.805
       72       5.914
       73       6.024
       74       6.135
       75       6.246
       76       6.358
       77       6.470
       78       6.582
       79       6.695
       80       6.808
       81       6.922
       82       7.036
       83       7.151
       84       7.266
       85       7.381
       86       7.497
       87       7.613
       88       7.730
       89       7.847
       90       7.964
       91       8.082
       92       8.199
       93       8.318
       94       8.436
       95       8.555
       96       8.674
       97       8.794
       98       8.913
       99       9.033
      100       9.154
      101       9.274
      102       9.395
      103       9.516
      104       9.637
      105       9.759
      106       9.880
      107      10.002
      108      10.124
      109      10.247
      110      10.369
      111      10.492
      112      10.615
      113      10.738
      114      10.861
      115      10.985
      116      11.108
      117      11.232
      118      11.356
      119      11.480
      120      11.604
      121      11.729
      122      11.853
      123      11.978
      124      12.102
      125      12.227
      126      12.352
      127      12.477
      128      12.602
      129      12.727
      130      12.852
      131      12.977
      132      13.102
      133      13.227
      134      13.352
      135      13.477
      136      13.602
      137      13.727
      138      13.852
      139      13.977
      140      14.102
      141      14.227
      142      14.352
      143      14.476
      144      14.600
      145      14.725
      146      14.849
      147      14.973
      148      15.097
      149      15.221
      150      15.344
      151      15.468
      152      15.591
      153      15.714
      154      15.837
      155      15.960
      156      16.082
      157      16.204
      158      16.326
      159      16.448
      160      16.570
      161      16.691
      162      16.812
      163      16.933
      164      17.054
      165      17.174
      166      17.294
      167      17.414
      168      17.533
      169      17.653
      170      17.772
      171      17.890
      172      18.008
      173      18.126
      174      18.244
      175      18.361
      176      18.478
      177      18.595
      178      18.711
      179      18.827
      180      18.943
      181      19.058
      182      19.172
      183      19.287
      184      19.401
      185      19.514
      186      19.627
      187      19.740
      188      19.852
      189      19.964
      190      20.075
      191      20.186
      192      20.297
      193      20.407
      194      20.516
      195      20.625
      196      20.734
      197      20.842
      198      20.949
      199      21.056
      200      21.162
      201      21.268
      202      21.373
      203      21.478
      204      21.582
      205      21.685
      206      21.788
      207      21.890
      208      21.992
      209      22.093
      210      22.193
      211      22.292
      212      22.391
      213      22.489
      214      22.587
      215      22.684
      216      22.780
      217      22.875
      218      22.970
      219      23.064
      220      23.157
      221      23.249
      222      23.340
      223      23.431
      224      23.521
      225      23.610
      226      23.698
      227      23.785
      228      23.872
      229      23.957
      230      24.042
      231      24.126
      232      24.209
      233      24.290
      234      24.371
      235      24.451
      236      24.530
      237      24.608
      238      24.685
      239      24.760
      240      24.835
      241      24.909
      242      24.981
      243      25.052
      244      25.122
      245      25.191
      246      25.258
      247      25.324
      248      25.389
      249      25.453
      250      25.515
      251      25.575
      252      25.634
      253      25.692
      254      25.747
      255      25.801
      256      25.854
      257      25.904
      258      25.953
      259      26.000
      260      26.044
      261      26.086
      262      26.126
      263      26.164
      264      26.199
