

  TXT                
        0       0.008
        1       0.020
        2       0.036
        3       0.056
        4       0.082
        5       0.112
        6       0.146
        7       0.184
        8       0.223
        9       0.266
       10       0.310
       11       0.356
       12       0.405
       13       0.455
       14       0.507
       15       0.560
       16       0.615
       17       0.672
       18       0.731
       19       0.791
       20       0.852
       21       0.915
       22       0.979
       23       1.045
       24       1.112
       25       1.180
       26       1.250
       27       1.320
       28       1.392
       29       1.466
       30       1.540
       31       1.616
       32       1.692
       33       1.770
       34       1.849
       35       1.928
       36       2.009
       37       2.091
       38       2.174
       39       2.258
       40       2.342
       41       2.428
       42       2.515
       43       2.602
       44       2.691
       45       2.780
       46       2.870
       47       2.961
       48       3.053
       49       3.146
       50       3.239
       51       3.333
       52       3.428
       53       3.524
       54       3.621
       55       3.718
       56       3.816
       57       3.914
       58       4.014
       59       4.114
       60       4.214
       61       4.316
       62       4.418
       63       4.520
       64       4.623
       65       4.727
       66       4.832
       67       4.937
       68       5.043
       69       5.149
       70       5.256
       71       5.363
       72       5.471
       73       5.579
       74       5.689
       75       5.798
       76       5.908
       77       6.019
       78       6.130
       79       6.241
       80       6.353
       81       6.466
       82       6.579
       83       6.692
       84       6.806
       85       6.921
       86       7.035
       87       7.151
       88       7.266
       89       7.382
       90       7.499
       91       7.616
       92       7.733
       93       7.850
       94       7.968
       95       8.086
       96       8.205
       97       8.324
       98       8.443
       99       8.563
      100       8.683
      101       8.803
      102       8.924
      103       9.044
      104       9.166
      105       9.287
      106       9.409
      107       9.530
      108       9.653
      109       9.775
      110       9.898
      111      10.020
      112      10.144
      113      10.267
      114      10.390
      115      10.514
      116      10.638
      117      10.762
      118      10.886
      119      11.010
      120      11.135
      121      11.259
      122      11.384
      123      11.509
      124      11.634
      125      11.760
      126      11.885
      127      12.010
      128      12.136
      129      12.261
      130      12.387
      131      12.513
      132      12.639
      133      12.765
      134      12.891
      135      13.017
      136      13.143
      137      13.269
      138      13.395
      139      13.522
      140      13.648
      141      13.774
      142      13.900
      143      14.027
      144      14.153
      145      14.279
      146      14.405
      147      14.531
      148      14.657
      149      14.783
      150      14.908
      151      15.034
      152      15.160
      153      15.285
      154      15.410
      155      15.536
      156      15.661
      157      15.785
      158      15.910
      159      16.035
      160      16.159
      161      16.283
      162      16.407
      163      16.531
      164      16.655
      165      16.778
      166      16.901
      167      17.024
      168      17.147
      169      17.269
      170      17.391
      171      17.513
      172      17.635
      173      17.756
      174      17.877
      175      17.998
      176      18.118
      177      18.238
      178      18.358
      179      18.477
      180      18.597
      181      18.715
      182      18.834
      183      18.951
      184      19.069
      185      19.186
      186      19.303
      187      19.419
      188      19.535
      189      19.651
      190      19.766
      191      19.881
      192      19.995
      193      20.109
      194      20.223
      195      20.336
      196      20.448
      197      20.560
      198      20.672
      199      20.783
      200      20.893
      201      21.003
      202      21.113
      203      21.222
      204      21.331
      205      21.439
      206      21.546
      207      21.653
      208      21.760
      209      21.865
      210      21.971
      211      22.075
      212      22.180
      213      22.283
      214      22.386
      215      22.489
      216      22.590
      217      22.691
      218      22.792
      219      22.892
      220      22.991
      221      23.089
      222      23.187
      223      23.285
      224      23.381
      225      23.477
      226      23.572
      227      23.666
      228      23.760
      229      23.853
      230      23.945
      231      24.036
      232      24.126
      233      24.216
      234      24.305
      235      24.392
      236      24.479
      237      24.566
      238      24.651
      239      24.735
      240      24.818
      241      24.900
      242      24.982
      243      25.062
      244      25.141
      245      25.220
      246      25.297
      247      25.373
      248      25.448
      249      25.522
      250      25.594
      251      25.666
      252      25.736
      253      25.805
      254      25.873
      255      25.939
      256      26.004
      257      26.068
      258      26.130
      259      26.191
      260      26.250
      261      26.308
      262      26.364
      263      26.418
      264      26.471
      265      26.522
      266      26.571
      267      26.618
      268      26.662
      269      26.705
      270      26.745
      271      26.783
      272      26.819
