

  TXT                
        0       0.001
        1       0.003
        2       0.007
        3       0.013
        4       0.021
        5       0.032
        6       0.046
        7       0.064
        8       0.084
        9       0.107
       10       0.132
       11       0.159
       12       0.187
       13       0.217
       14       0.247
       15       0.279
       16       0.311
       17       0.345
       18       0.379
       19       0.414
       20       0.450
       21       0.487
       22       0.525
       23       0.564
       24       0.603
       25       0.643
       26       0.683
       27       0.725
       28       0.767
       29       0.809
       30       0.852
       31       0.896
       32       0.940
       33       0.984
       34       1.029
       35       1.075
       36       1.121
       37       1.167
       38       1.214
       39       1.262
       40       1.309
       41       1.357
       42       1.406
       43       1.455
       44       1.504
       45       1.553
       46       1.603
       47       1.653
       48       1.704
       49       1.755
       50       1.805
       51       1.857
       52       1.908
       53       1.959
       54       2.011
       55       2.063
       56       2.115
       57       2.167
       58       2.220
       59       2.272
       60       2.325
       61       2.377
       62       2.430
       63       2.483
       64       2.536
       65       2.589
       66       2.643
       67       2.696
       68       2.749
       69       2.802
       70       2.855
       71       2.908
       72       2.961
       73       3.014
       74       3.067
       75       3.120
       76       3.173
       77       3.226
       78       3.278
       79       3.331
       80       3.383
       81       3.435
       82       3.487
       83       3.539
       84       3.591
       85       3.642
       86       3.693
       87       3.744
       88       3.795
       89       3.846
       90       3.896
       91       3.946
       92       3.996
       93       4.045
       94       4.094
       95       4.143
       96       4.191
       97       4.239
       98       4.287
       99       4.334
      100       4.381
      101       4.427
      102       4.473
      103       4.518
      104       4.563
      105       4.608
      106       4.652
      107       4.695
      108       4.738
      109       4.780
      110       4.822
      111       4.863
      112       4.904
      113       4.944
      114       4.983
      115       5.022
      116       5.059
      117       5.096
      118       5.133
      119       5.168
      120       5.203
      121       5.237
      122       5.270
      123       5.302
      124       5.333
      125       5.363
      126       5.391
      127       5.419
      128       5.446
      129       5.471
      130       5.495
      131       5.518
      132       5.539
      133       5.558
      134       5.576
      135       5.593
      136       5.607
      137       5.620
      138       5.630
      139       5.639
      140       5.645
      141       5.648
