

  TXT                
        0       0.005
        1       0.014
        2       0.029
        3       0.048
        4       0.074
        5       0.103
        6       0.136
        7       0.172
        8       0.210
        9       0.252
       10       0.295
       11       0.341
       12       0.389
       13       0.438
       14       0.489
       15       0.542
       16       0.597
       17       0.653
       18       0.711
       19       0.771
       20       0.832
       21       0.894
       22       0.958
       23       1.023
       24       1.089
       25       1.157
       26       1.226
       27       1.297
       28       1.368
       29       1.441
       30       1.515
       31       1.590
       32       1.666
       33       1.743
       34       1.822
       35       1.901
       36       1.982
       37       2.063
       38       2.146
       39       2.229
       40       2.313
       41       2.399
       42       2.485
       43       2.572
       44       2.660
       45       2.749
       46       2.838
       47       2.929
       48       3.020
       49       3.112
       50       3.205
       51       3.299
       52       3.393
       53       3.489
       54       3.585
       55       3.681
       56       3.779
       57       3.877
       58       3.976
       59       4.075
       60       4.175
       61       4.276
       62       4.378
       63       4.480
       64       4.582
       65       4.686
       66       4.790
       67       4.894
       68       4.999
       69       5.105
       70       5.211
       71       5.318
       72       5.426
       73       5.534
       74       5.642
       75       5.751
       76       5.861
       77       5.971
       78       6.081
       79       6.192
       80       6.304
       81       6.415
       82       6.528
       83       6.641
       84       6.754
       85       6.868
       86       6.982
       87       7.096
       88       7.211
       89       7.326
       90       7.442
       91       7.558
       92       7.675
       93       7.792
       94       7.909
       95       8.026
       96       8.144
       97       8.263
       98       8.381
       99       8.500
      100       8.619
      101       8.739
      102       8.858
      103       8.978
      104       9.099
      105       9.219
      106       9.340
      107       9.461
      108       9.583
      109       9.704
      110       9.826
      111       9.948
      112      10.071
      113      10.193
      114      10.316
      115      10.439
      116      10.562
      117      10.685
      118      10.809
      119      10.932
      120      11.056
      121      11.180
      122      11.304
      123      11.428
      124      11.552
      125      11.677
      126      11.801
      127      11.926
      128      12.051
      129      12.176
      130      12.301
      131      12.426
      132      12.551
      133      12.676
      134      12.801
      135      12.926
      136      13.052
      137      13.177
      138      13.302
      139      13.428
      140      13.553
      141      13.678
      142      13.804
      143      13.929
      144      14.054
      145      14.179
      146      14.304
      147      14.429
      148      14.554
      149      14.678
      150      14.803
      151      14.927
      152      15.052
      153      15.176
      154      15.300
      155      15.424
      156      15.548
      157      15.671
      158      15.795
      159      15.918
      160      16.041
      161      16.164
      162      16.287
      163      16.409
      164      16.532
      165      16.654
      166      16.775
      167      16.897
      168      17.018
      169      17.139
      170      17.260
      171      17.381
      172      17.501
      173      17.621
      174      17.741
      175      17.860
      176      17.979
      177      18.098
      178      18.217
      179      18.335
      180      18.452
      181      18.570
      182      18.687
      183      18.804
      184      18.920
      185      19.036
      186      19.151
      187      19.266
      188      19.381
      189      19.495
      190      19.609
      191      19.722
      192      19.835
      193      19.948
      194      20.060
      195      20.171
      196      20.282
      197      20.393
      198      20.503
      199      20.612
      200      20.721
      201      20.830
      202      20.937
      203      21.045
      204      21.152
      205      21.258
      206      21.364
      207      21.469
      208      21.574
      209      21.678
      210      21.782
      211      21.885
      212      21.987
      213      22.089
      214      22.190
      215      22.290
      216      22.390
      217      22.490
      218      22.588
      219      22.686
      220      22.784
      221      22.880
      222      22.976
      223      23.072
      224      23.166
      225      23.260
      226      23.353
      227      23.445
      228      23.537
      229      23.628
      230      23.718
      231      23.807
      232      23.896
      233      23.983
      234      24.070
      235      24.156
      236      24.241
      237      24.326
      238      24.409
      239      24.491
      240      24.573
      241      24.653
      242      24.733
      243      24.812
      244      24.889
      245      24.966
      246      25.041
      247      25.115
      248      25.188
      249      25.260
      250      25.331
      251      25.401
      252      25.469
      253      25.536
      254      25.602
      255      25.667
      256      25.730
      257      25.792
      258      25.852
      259      25.911
      260      25.969
      261      26.025
      262      26.079
      263      26.132
      264      26.182
      265      26.231
      266      26.278
      267      26.323
      268      26.365
      269      26.406
