

  TXT                
        0       0.000
        1       0.003
        2       0.012
        3       0.025
        4       0.041
        5       0.060
        6       0.082
        7       0.106
        8       0.131
        9       0.158
       10       0.186
       11       0.215
       12       0.246
       13       0.277
       14       0.310
       15       0.343
       16       0.378
       17       0.413
       18       0.449
       19       0.486
       20       0.524
       21       0.563
       22       0.602
       23       0.642
       24       0.682
       25       0.724
       26       0.765
       27       0.808
       28       0.851
       29       0.894
       30       0.939
       31       0.983
       32       1.028
       33       1.074
       34       1.120
       35       1.166
       36       1.213
       37       1.260
       38       1.308
       39       1.356
       40       1.405
       41       1.454
       42       1.503
       43       1.552
       44       1.602
       45       1.652
       46       1.703
       47       1.753
       48       1.804
       49       1.855
       50       1.906
       51       1.958
       52       2.010
       53       2.062
       54       2.114
       55       2.166
       56       2.218
       57       2.271
       58       2.323
       59       2.376
       60       2.429
       61       2.482
       62       2.535
       63       2.588
       64       2.641
       65       2.694
       66       2.747
       67       2.800
       68       2.853
       69       2.907
       70       2.960
       71       3.013
       72       3.066
       73       3.119
       74       3.171
       75       3.224
       76       3.277
       77       3.329
       78       3.381
       79       3.434
       80       3.486
       81       3.537
       82       3.589
       83       3.640
       84       3.692
       85       3.743
       86       3.793
       87       3.844
       88       3.894
       89       3.944
       90       3.994
       91       4.043
       92       4.093
       93       4.141
       94       4.190
       95       4.238
       96       4.285
       97       4.333
       98       4.379
       99       4.426
      100       4.472
      101       4.517
      102       4.562
      103       4.607
      104       4.650
      105       4.694
      106       4.737
      107       4.779
      108       4.821
      109       4.862
      110       4.903
      111       4.943
      112       4.982
      113       5.021
      114       5.058
      115       5.095
      116       5.132
      117       5.167
      118       5.202
      119       5.236
      120       5.269
      121       5.301
      122       5.332
      123       5.362
      124       5.391
      125       5.418
      126       5.445
      127       5.470
      128       5.495
      129       5.517
      130       5.538
      131       5.558
      132       5.576
      133       5.592
      134       5.607
      135       5.620
      136       5.630
      137       5.639
      138       5.645
      139       5.648
      140       5.649
