

  TXT                
        0       0.049
        1       0.079
        2       0.113
        3       0.150
        4       0.189
        5       0.230
        6       0.273
        7       0.319
        8       0.366
        9       0.416
       10       0.467
       11       0.520
       12       0.575
       13       0.631
       14       0.689
       15       0.749
       16       0.810
       17       0.872
       18       0.936
       19       1.001
       20       1.068
       21       1.136
       22       1.205
       23       1.275
       24       1.347
       25       1.420
       26       1.494
       27       1.569
       28       1.645
       29       1.722
       30       1.801
       31       1.880
       32       1.960
       33       2.042
       34       2.124
       35       2.208
       36       2.292
       37       2.377
       38       2.463
       39       2.550
       40       2.638
       41       2.727
       42       2.817
       43       2.907
       44       2.998
       45       3.091
       46       3.184
       47       3.277
       48       3.372
       49       3.467
       50       3.563
       51       3.660
       52       3.758
       53       3.856
       54       3.955
       55       4.054
       56       4.155
       57       4.256
       58       4.357
       59       4.460
       60       4.562
       61       4.666
       62       4.770
       63       4.875
       64       4.980
       65       5.086
       66       5.192
       67       5.299
       68       5.407
       69       5.515
       70       5.623
       71       5.732
       72       5.842
       73       5.952
       74       6.063
       75       6.174
       76       6.286
       77       6.398
       78       6.510
       79       6.623
       80       6.737
       81       6.851
       82       6.965
       83       7.080
       84       7.195
       85       7.310
       86       7.426
       87       7.543
       88       7.659
       89       7.776
       90       7.894
       91       8.012
       92       8.130
       93       8.248
       94       8.367
       95       8.486
       96       8.606
       97       8.725
       98       8.845
       99       8.966
      100       9.086
      101       9.207
      102       9.329
      103       9.450
      104       9.572
      105       9.694
      106       9.816
      107       9.939
      108      10.061
      109      10.184
      110      10.308
      111      10.431
      112      10.555
      113      10.678
      114      10.802
      115      10.927
      116      11.051
      117      11.175
      118      11.300
      119      11.425
      120      11.550
      121      11.675
      122      11.800
      123      11.925
      124      12.050
      125      12.176
      126      12.301
      127      12.427
      128      12.552
      129      12.678
      130      12.804
      131      12.930
      132      13.055
      133      13.181
      134      13.307
      135      13.433
      136      13.559
      137      13.685
      138      13.811
      139      13.936
      140      14.062
      141      14.188
      142      14.314
      143      14.439
      144      14.565
      145      14.690
      146      14.816
      147      14.941
      148      15.066
      149      15.192
      150      15.317
      151      15.442
      152      15.566
      153      15.691
      154      15.816
      155      15.940
      156      16.064
      157      16.188
      158      16.312
      159      16.435
      160      16.559
      161      16.682
      162      16.805
      163      16.928
      164      17.050
      165      17.172
      166      17.294
      167      17.416
      168      17.537
      169      17.658
      170      17.779
      171      17.899
      172      18.019
      173      18.139
      174      18.259
      175      18.378
      176      18.497
      177      18.615
      178      18.733
      179      18.851
      180      18.968
      181      19.085
      182      19.202
      183      19.318
      184      19.434
      185      19.549
      186      19.664
      187      19.779
      188      19.893
      189      20.007
      190      20.120
      191      20.233
      192      20.345
      193      20.457
      194      20.568
      195      20.679
      196      20.790
      197      20.900
      198      21.009
      199      21.118
      200      21.227
      201      21.334
      202      21.442
      203      21.549
      204      21.655
      205      21.761
      206      21.866
      207      21.970
      208      22.074
      209      22.178
      210      22.281
      211      22.383
      212      22.484
      213      22.585
      214      22.686
      215      22.785
      216      22.884
      217      22.983
      218      23.081
      219      23.178
      220      23.274
      221      23.369
      222      23.464
      223      23.558
      224      23.652
      225      23.745
      226      23.836
      227      23.928
      228      24.018
      229      24.107
      230      24.196
      231      24.284
      232      24.371
      233      24.457
      234      24.542
      235      24.626
      236      24.709
      237      24.791
      238      24.873
      239      24.953
      240      25.032
      241      25.110
      242      25.188
      243      25.264
      244      25.339
      245      25.412
      246      25.485
      247      25.557
      248      25.627
      249      25.696
      250      25.764
      251      25.830
      252      25.896
      253      25.959
      254      26.022
      255      26.083
      256      26.142
      257      26.200
      258      26.256
      259      26.311
      260      26.363
      261      26.413
      262      26.462
      263      26.508
      264      26.552
      265      26.594
      266      26.634
      267      26.671
      268      26.705
      269      26.736
      270      26.765
