

  TXT                
        0       0.000
        1       0.005
        2       0.015
        3       0.028
        4       0.043
        5       0.060
        6       0.080
        7       0.101
        8       0.124
        9       0.149
       10       0.175
       11       0.202
       12       0.230
       13       0.260
       14       0.291
       15       0.322
       16       0.355
       17       0.389
       18       0.424
       19       0.460
       20       0.497
       21       0.534
       22       0.573
       23       0.612
       24       0.652
       25       0.693
       26       0.734
       27       0.776
       28       0.819
       29       0.863
       30       0.907
       31       0.952
       32       0.997
       33       1.043
       34       1.090
       35       1.137
       36       1.184
       37       1.232
       38       1.281
       39       1.330
       40       1.379
       41       1.429
       42       1.480
       43       1.530
       44       1.581
       45       1.633
       46       1.685
       47       1.737
       48       1.790
       49       1.842
       50       1.896
       51       1.949
       52       2.003
       53       2.057
       54       2.111
       55       2.165
       56       2.219
       57       2.274
       58       2.329
       59       2.384
       60       2.439
       61       2.494
       62       2.549
       63       2.605
       64       2.660
       65       2.716
       66       2.772
       67       2.828
       68       2.883
       69       2.939
       70       2.995
       71       3.051
       72       3.107
       73       3.163
       74       3.219
       75       3.275
       76       3.330
       77       3.386
       78       3.442
       79       3.497
       80       3.553
       81       3.608
       82       3.664
       83       3.719
       84       3.774
       85       3.829
       86       3.883
       87       3.938
       88       3.992
       89       4.046
       90       4.100
       91       4.154
       92       4.208
       93       4.261
       94       4.314
       95       4.367
       96       4.419
       97       4.471
       98       4.523
       99       4.574
      100       4.625
      101       4.675
      102       4.725
      103       4.775
      104       4.824
      105       4.872
      106       4.920
      107       4.968
      108       5.015
      109       5.061
      110       5.107
      111       5.153
      112       5.198
      113       5.242
      114       5.285
      115       5.328
      116       5.370
      117       5.412
      118       5.453
      119       5.493
      120       5.532
      121       5.570
      122       5.608
      123       5.645
      124       5.681
      125       5.715
      126       5.749
      127       5.782
      128       5.814
      129       5.844
      130       5.874
      131       5.902
      132       5.929
      133       5.954
      134       5.978
      135       6.001
      136       6.022
      137       6.041
      138       6.058
      139       6.073
      140       6.085
      141       6.094
      142       6.100
