

  TXT                
        0       0.001
        1       0.007
        2       0.019
        3       0.037
        4       0.064
        5       0.096
        6       0.132
        7       0.170
        8       0.210
        9       0.253
       10       0.298
       11       0.345
       12       0.394
       13       0.444
       14       0.497
       15       0.551
       16       0.606
       17       0.663
       18       0.722
       19       0.782
       20       0.844
       21       0.907
       22       0.971
       23       1.037
       24       1.104
       25       1.172
       26       1.242
       27       1.312
       28       1.384
       29       1.457
       30       1.531
       31       1.606
       32       1.683
       33       1.760
       34       1.839
       35       1.918
       36       1.999
       37       2.080
       38       2.162
       39       2.246
       40       2.330
       41       2.415
       42       2.501
       43       2.588
       44       2.676
       45       2.764
       46       2.854
       47       2.944
       48       3.035
       49       3.127
       50       3.219
       51       3.313
       52       3.407
       53       3.501
       54       3.597
       55       3.693
       56       3.790
       57       3.887
       58       3.986
       59       4.085
       60       4.184
       61       4.284
       62       4.385
       63       4.487
       64       4.589
       65       4.691
       66       4.795
       67       4.899
       68       5.003
       69       5.108
       70       5.214
       71       5.320
       72       5.427
       73       5.534
       74       5.642
       75       5.750
       76       5.859
       77       5.968
       78       6.078
       79       6.188
       80       6.299
       81       6.410
       82       6.521
       83       6.633
       84       6.746
       85       6.859
       86       6.972
       87       7.086
       88       7.200
       89       7.315
       90       7.430
       91       7.545
       92       7.661
       93       7.777
       94       7.893
       95       8.010
       96       8.127
       97       8.245
       98       8.363
       99       8.481
      100       8.599
      101       8.718
      102       8.837
      103       8.956
      104       9.076
      105       9.195
      106       9.315
      107       9.436
      108       9.556
      109       9.677
      110       9.798
      111       9.919
      112      10.041
      113      10.162
      114      10.284
      115      10.406
      116      10.529
      117      10.651
      118      10.774
      119      10.896
      120      11.019
      121      11.142
      122      11.265
      123      11.389
      124      11.512
      125      11.636
      126      11.759
      127      11.883
      128      12.007
      129      12.131
      130      12.255
      131      12.379
      132      12.503
      133      12.628
      134      12.752
      135      12.876
      136      13.001
      137      13.125
      138      13.250
      139      13.374
      140      13.498
      141      13.623
      142      13.747
      143      13.871
      144      13.995
      145      14.119
      146      14.243
      147      14.367
      148      14.491
      149      14.615
      150      14.738
      151      14.862
      152      14.985
      153      15.108
      154      15.231
      155      15.354
      156      15.476
      157      15.599
      158      15.721
      159      15.843
      160      15.964
      161      16.086
      162      16.207
      163      16.328
      164      16.449
      165      16.570
      166      16.691
      167      16.811
      168      16.931
      169      17.050
      170      17.170
      171      17.289
      172      17.408
      173      17.526
      174      17.644
      175      17.762
      176      17.880
      177      17.997
      178      18.114
      179      18.231
      180      18.347
      181      18.463
      182      18.578
      183      18.693
      184      18.808
      185      18.923
      186      19.037
      187      19.150
      188      19.264
      189      19.376
      190      19.489
      191      19.601
      192      19.712
      193      19.823
      194      19.934
      195      20.044
      196      20.154
      197      20.263
      198      20.372
      199      20.480
      200      20.588
      201      20.696
      202      20.802
      203      20.909
      204      21.014
      205      21.119
      206      21.224
      207      21.328
      208      21.432
      209      21.535
      210      21.637
      211      21.739
      212      21.840
      213      21.940
      214      22.040
      215      22.139
      216      22.238
      217      22.336
      218      22.433
      219      22.529
      220      22.625
      221      22.720
      222      22.815
      223      22.908
      224      23.001
      225      23.093
      226      23.185
      227      23.276
      228      23.365
      229      23.454
      230      23.543
      231      23.630
      232      23.717
      233      23.802
      234      23.887
      235      23.971
      236      24.054
      237      24.136
      238      24.217
      239      24.297
      240      24.376
      241      24.453
      242      24.530
      243      24.606
      244      24.681
      245      24.755
      246      24.827
      247      24.898
      248      24.969
      249      25.038
      250      25.105
      251      25.172
      252      25.237
      253      25.301
      254      25.364
      255      25.425
      256      25.484
      257      25.542
      258      25.599
      259      25.654
      260      25.707
      261      25.759
      262      25.809
      263      25.857
      264      25.903
      265      25.946
      266      25.988
      267      26.027
      268      26.064
      269      26.098
      270      26.128
      271      26.156
