

  TXT                
        0       0.001
        1       0.007
        2       0.024
        3       0.048
        4       0.078
        5       0.113
        6       0.150
        7       0.190
        8       0.232
        9       0.277
       10       0.323
       11       0.371
       12       0.421
       13       0.473
       14       0.526
       15       0.582
       16       0.638
       17       0.697
       18       0.756
       19       0.818
       20       0.880
       21       0.944
       22       1.010
       23       1.077
       24       1.145
       25       1.214
       26       1.285
       27       1.357
       28       1.430
       29       1.504
       30       1.580
       31       1.657
       32       1.734
       33       1.813
       34       1.893
       35       1.974
       36       2.056
       37       2.139
       38       2.222
       39       2.307
       40       2.393
       41       2.480
       42       2.567
       43       2.656
       44       2.745
       45       2.835
       46       2.926
       47       3.018
       48       3.111
       49       3.204
       50       3.298
       51       3.393
       52       3.489
       53       3.586
       54       3.683
       55       3.781
       56       3.879
       57       3.979
       58       4.079
       59       4.179
       60       4.281
       61       4.382
       62       4.485
       63       4.588
       64       4.692
       65       4.796
       66       4.901
       67       5.007
       68       5.113
       69       5.220
       70       5.327
       71       5.435
       72       5.543
       73       5.652
       74       5.761
       75       5.871
       76       5.982
       77       6.093
       78       6.204
       79       6.316
       80       6.428
       81       6.541
       82       6.654
       83       6.768
       84       6.882
       85       6.996
       86       7.111
       87       7.226
       88       7.342
       89       7.458
       90       7.574
       91       7.691
       92       7.808
       93       7.926
       94       8.044
       95       8.162
       96       8.281
       97       8.399
       98       8.519
       99       8.638
      100       8.758
      101       8.878
      102       8.998
      103       9.119
      104       9.240
      105       9.361
      106       9.482
      107       9.604
      108       9.726
      109       9.848
      110       9.970
      111      10.093
      112      10.216
      113      10.339
      114      10.462
      115      10.585
      116      10.709
      117      10.832
      118      10.956
      119      11.080
      120      11.204
      121      11.329
      122      11.453
      123      11.578
      124      11.702
      125      11.827
      126      11.952
      127      12.077
      128      12.202
      129      12.328
      130      12.453
      131      12.578
      132      12.703
      133      12.829
      134      12.954
      135      13.080
      136      13.205
      137      13.331
      138      13.456
      139      13.581
      140      13.707
      141      13.832
      142      13.958
      143      14.083
      144      14.208
      145      14.333
      146      14.458
      147      14.583
      148      14.708
      149      14.833
      150      14.958
      151      15.083
      152      15.207
      153      15.332
      154      15.456
      155      15.580
      156      15.704
      157      15.828
      158      15.951
      159      16.075
      160      16.198
      161      16.321
      162      16.444
      163      16.567
      164      16.689
      165      16.811
      166      16.933
      167      17.055
      168      17.176
      169      17.297
      170      17.418
      171      17.538
      172      17.658
      173      17.778
      174      17.898
      175      18.017
      176      18.136
      177      18.254
      178      18.372
      179      18.490
      180      18.608
      181      18.725
      182      18.841
      183      18.958
      184      19.074
      185      19.189
      186      19.304
      187      19.419
      188      19.533
      189      19.647
      190      19.760
      191      19.873
      192      19.986
      193      20.098
      194      20.209
      195      20.320
      196      20.431
      197      20.541
      198      20.651
      199      20.760
      200      20.868
      201      20.976
      202      21.084
      203      21.191
      204      21.297
      205      21.403
      206      21.508
      207      21.613
      208      21.717
      209      21.821
      210      21.924
      211      22.026
      212      22.128
      213      22.229
      214      22.330
      215      22.430
      216      22.529
      217      22.628
      218      22.725
      219      22.823
      220      22.919
      221      23.015
      222      23.110
      223      23.205
      224      23.298
      225      23.391
      226      23.483
      227      23.575
      228      23.665
      229      23.755
      230      23.844
      231      23.932
      232      24.019
      233      24.105
      234      24.191
      235      24.275
      236      24.359
      237      24.442
      238      24.523
      239      24.604
      240      24.684
      241      24.762
      242      24.840
      243      24.916
      244      24.992
      245      25.066
      246      25.139
      247      25.211
      248      25.282
      249      25.351
      250      25.420
      251      25.487
      252      25.553
      253      25.617
      254      25.680
      255      25.742
      256      25.802
      257      25.860
      258      25.917
      259      25.972
      260      26.025
      261      26.077
      262      26.127
      263      26.175
      264      26.221
      265      26.265
      266      26.306
      267      26.346
      268      26.382
