

  TXT                
        0       0.001
        1       0.005
        2       0.017
        3       0.036
        4       0.064
        5       0.100
        6       0.138
        7       0.179
        8       0.222
        9       0.266
       10       0.313
       11       0.362
       12       0.413
       13       0.465
       14       0.519
       15       0.575
       16       0.632
       17       0.691
       18       0.751
       19       0.812
       20       0.875
       21       0.940
       22       1.005
       23       1.072
       24       1.140
       25       1.209
       26       1.280
       27       1.352
       28       1.424
       29       1.498
       30       1.573
       31       1.649
       32       1.726
       33       1.804
       34       1.883
       35       1.964
       36       2.045
       37       2.127
       38       2.210
       39       2.294
       40       2.379
       41       2.465
       42       2.552
       43       2.640
       44       2.728
       45       2.818
       46       2.908
       47       3.000
       48       3.092
       49       3.185
       50       3.279
       51       3.374
       52       3.469
       53       3.566
       54       3.663
       55       3.761
       56       3.859
       57       3.958
       58       4.058
       59       4.158
       60       4.259
       61       4.361
       62       4.463
       63       4.566
       64       4.670
       65       4.774
       66       4.878
       67       4.983
       68       5.089
       69       5.195
       70       5.302
       71       5.410
       72       5.517
       73       5.626
       74       5.735
       75       5.844
       76       5.954
       77       6.065
       78       6.176
       79       6.287
       80       6.399
       81       6.512
       82       6.624
       83       6.738
       84       6.851
       85       6.965
       86       7.080
       87       7.195
       88       7.310
       89       7.426
       90       7.542
       91       7.659
       92       7.776
       93       7.893
       94       8.011
       95       8.129
       96       8.247
       97       8.366
       98       8.485
       99       8.604
      100       8.724
      101       8.844
      102       8.964
      103       9.085
      104       9.205
      105       9.326
      106       9.448
      107       9.569
      108       9.691
      109       9.813
      110       9.935
      111      10.057
      112      10.180
      113      10.303
      114      10.426
      115      10.549
      116      10.673
      117      10.796
      118      10.920
      119      11.044
      120      11.168
      121      11.292
      122      11.416
      123      11.541
      124      11.666
      125      11.790
      126      11.915
      127      12.040
      128      12.165
      129      12.290
      130      12.415
      131      12.541
      132      12.666
      133      12.791
      134      12.917
      135      13.042
      136      13.168
      137      13.293
      138      13.419
      139      13.544
      140      13.670
      141      13.795
      142      13.920
      143      14.046
      144      14.171
      145      14.296
      146      14.421
      147      14.546
      148      14.671
      149      14.796
      150      14.920
      151      15.045
      152      15.169
      153      15.293
      154      15.417
      155      15.541
      156      15.665
      157      15.789
      158      15.912
      159      16.036
      160      16.159
      161      16.282
      162      16.404
      163      16.527
      164      16.649
      165      16.771
      166      16.893
      167      17.015
      168      17.136
      169      17.258
      170      17.379
      171      17.499
      172      17.620
      173      17.740
      174      17.860
      175      17.979
      176      18.098
      177      18.217
      178      18.336
      179      18.454
      180      18.572
      181      18.690
      182      18.807
      183      18.924
      184      19.041
      185      19.157
      186      19.273
      187      19.389
      188      19.504
      189      19.619
      190      19.733
      191      19.847
      192      19.961
      193      20.074
      194      20.187
      195      20.299
      196      20.411
      197      20.522
      198      20.633
      199      20.743
      200      20.853
      201      20.963
      202      21.072
      203      21.180
      204      21.288
      205      21.396
      206      21.503
      207      21.609
      208      21.715
      209      21.820
      210      21.925
      211      22.029
      212      22.133
      213      22.236
      214      22.338
      215      22.440
      216      22.541
      217      22.641
      218      22.741
      219      22.840
      220      22.939
      221      23.036
      222      23.133
      223      23.230
      224      23.326
      225      23.421
      226      23.515
      227      23.608
      228      23.701
      229      23.793
      230      23.884
      231      23.974
      232      24.064
      233      24.152
      234      24.240
      235      24.327
      236      24.412
      237      24.497
      238      24.581
      239      24.664
      240      24.746
      241      24.827
      242      24.907
      243      24.986
      244      25.064
      245      25.140
      246      25.216
      247      25.291
      248      25.364
      249      25.437
      250      25.508
      251      25.578
      252      25.647
      253      25.715
      254      25.781
      255      25.846
      256      25.910
      257      25.972
      258      26.033
      259      26.093
      260      26.151
      261      26.207
      262      26.262
      263      26.315
      264      26.366
      265      26.415
      266      26.463
      267      26.508
      268      26.551
      269      26.592
      270      26.630
      271      26.666
