

  TXT                
        0       0.002
        1       0.014
        2       0.035
        3       0.061
        4       0.090
        5       0.123
        6       0.159
        7       0.198
        8       0.239
        9       0.282
       10       0.328
       11       0.375
       12       0.425
       13       0.476
       14       0.529
       15       0.584
       16       0.640
       17       0.699
       18       0.758
       19       0.819
       20       0.882
       21       0.945
       22       1.011
       23       1.077
       24       1.145
       25       1.214
       26       1.284
       27       1.356
       28       1.429
       29       1.502
       30       1.577
       31       1.653
       32       1.731
       33       1.809
       34       1.888
       35       1.969
       36       2.050
       37       2.132
       38       2.216
       39       2.300
       40       2.385
       41       2.471
       42       2.558
       43       2.646
       44       2.735
       45       2.824
       46       2.915
       47       3.006
       48       3.098
       49       3.191
       50       3.285
       51       3.380
       52       3.475
       53       3.571
       54       3.667
       55       3.765
       56       3.863
       57       3.962
       58       4.061
       59       4.161
       60       4.262
       61       4.364
       62       4.466
       63       4.569
       64       4.672
       65       4.776
       66       4.880
       67       4.986
       68       5.091
       69       5.198
       70       5.304
       71       5.412
       72       5.520
       73       5.628
       74       5.737
       75       5.846
       76       5.956
       77       6.067
       78       6.178
       79       6.289
       80       6.401
       81       6.514
       82       6.626
       83       6.740
       84       6.853
       85       6.968
       86       7.082
       87       7.197
       88       7.312
       89       7.428
       90       7.544
       91       7.661
       92       7.778
       93       7.895
       94       8.013
       95       8.131
       96       8.249
       97       8.368
       98       8.487
       99       8.606
      100       8.725
      101       8.845
      102       8.966
      103       9.086
      104       9.207
      105       9.328
      106       9.449
      107       9.571
      108       9.692
      109       9.814
      110       9.937
      111      10.059
      112      10.182
      113      10.305
      114      10.428
      115      10.551
      116      10.675
      117      10.798
      118      10.922
      119      11.046
      120      11.170
      121      11.294
      122      11.419
      123      11.543
      124      11.668
      125      11.793
      126      11.918
      127      12.043
      128      12.168
      129      12.293
      130      12.418
      131      12.544
      132      12.669
      133      12.795
      134      12.920
      135      13.046
      136      13.171
      137      13.297
      138      13.422
      139      13.548
      140      13.673
      141      13.799
      142      13.924
      143      14.050
      144      14.175
      145      14.301
      146      14.426
      147      14.551
      148      14.676
      149      14.801
      150      14.926
      151      15.051
      152      15.175
      153      15.300
      154      15.424
      155      15.549
      156      15.673
      157      15.797
      158      15.920
      159      16.044
      160      16.167
      161      16.290
      162      16.413
      163      16.536
      164      16.658
      165      16.781
      166      16.903
      167      17.025
      168      17.146
      169      17.267
      170      17.388
      171      17.509
      172      17.629
      173      17.750
      174      17.870
      175      17.989
      176      18.108
      177      18.227
      178      18.346
      179      18.464
      180      18.582
      181      18.699
      182      18.817
      183      18.933
      184      19.050
      185      19.166
      186      19.282
      187      19.397
      188      19.512
      189      19.626
      190      19.741
      191      19.854
      192      19.968
      193      20.080
      194      20.193
      195      20.305
      196      20.416
      197      20.527
      198      20.638
      199      20.748
      200      20.857
      201      20.967
      202      21.075
      203      21.183
      204      21.291
      205      21.398
      206      21.505
      207      21.611
      208      21.716
      209      21.821
      210      21.925
      211      22.029
      212      22.132
      213      22.235
      214      22.337
      215      22.438
      216      22.539
      217      22.639
      218      22.739
      219      22.838
      220      22.936
      221      23.033
      222      23.130
      223      23.226
      224      23.321
      225      23.416
      226      23.510
      227      23.603
      228      23.695
      229      23.787
      230      23.877
      231      23.967
      232      24.056
      233      24.144
      234      24.231
      235      24.318
      236      24.403
      237      24.487
      238      24.571
      239      24.654
      240      24.735
      241      24.816
      242      24.895
      243      24.974
      244      25.052
      245      25.128
      246      25.203
      247      25.278
      248      25.351
      249      25.423
      250      25.494
      251      25.563
      252      25.632
      253      25.699
      254      25.765
      255      25.830
      256      25.893
      257      25.955
      258      26.015
      259      26.074
      260      26.131
      261      26.187
      262      26.242
      263      26.294
      264      26.345
      265      26.394
      266      26.441
      267      26.486
      268      26.528
      269      26.568
      270      26.605
      271      26.638
      272      26.667
