

  TXT                
        0       0.000
        1       0.002
        2       0.010
        3       0.021
        4       0.034
        5       0.050
        6       0.068
        7       0.088
        8       0.109
        9       0.132
       10       0.157
       11       0.183
       12       0.210
       13       0.239
       14       0.269
       15       0.300
       16       0.332
       17       0.366
       18       0.400
       19       0.435
       20       0.472
       21       0.509
       22       0.547
       23       0.586
       24       0.626
       25       0.666
       26       0.708
       27       0.750
       28       0.793
       29       0.836
       30       0.881
       31       0.926
       32       0.971
       33       1.017
       34       1.064
       35       1.111
       36       1.159
       37       1.207
       38       1.256
       39       1.305
       40       1.355
       41       1.405
       42       1.456
       43       1.506
       44       1.558
       45       1.609
       46       1.661
       47       1.714
       48       1.767
       49       1.820
       50       1.873
       51       1.927
       52       1.980
       53       2.035
       54       2.089
       55       2.144
       56       2.198
       57       2.253
       58       2.308
       59       2.363
       60       2.419
       61       2.474
       62       2.530
       63       2.585
       64       2.641
       65       2.697
       66       2.753
       67       2.809
       68       2.865
       69       2.921
       70       2.977
       71       3.034
       72       3.090
       73       3.146
       74       3.202
       75       3.258
       76       3.315
       77       3.371
       78       3.427
       79       3.483
       80       3.538
       81       3.594
       82       3.650
       83       3.705
       84       3.761
       85       3.816
       86       3.871
       87       3.926
       88       3.981
       89       4.035
       90       4.090
       91       4.144
       92       4.198
       93       4.252
       94       4.305
       95       4.358
       96       4.411
       97       4.463
       98       4.516
       99       4.567
      100       4.619
      101       4.669
      102       4.720
      103       4.770
      104       4.820
      105       4.869
      106       4.917
      107       4.966
      108       5.013
      109       5.060
      110       5.107
      111       5.153
      112       5.198
      113       5.243
      114       5.288
      115       5.331
      116       5.374
      117       5.416
      118       5.458
      119       5.498
      120       5.538
      121       5.577
      122       5.615
      123       5.653
      124       5.689
      125       5.725
      126       5.759
      127       5.793
      128       5.825
      129       5.857
      130       5.887
      131       5.916
      132       5.944
      133       5.970
      134       5.995
      135       6.018
      136       6.039
      137       6.058
      138       6.075
      139       6.089
      140       6.100
      141       6.108
      142       6.109
      143       6.110
      144       6.110
