

  TXT                
        0       0.000
        1       0.002
        2       0.006
        3       0.015
        4       0.030
        5       0.052
        6       0.079
        7       0.110
        8       0.143
        9       0.180
       10       0.219
       11       0.261
       12       0.305
       13       0.351
       14       0.399
       15       0.449
       16       0.500
       17       0.554
       18       0.609
       19       0.666
       20       0.724
       21       0.784
       22       0.845
       23       0.908
       24       0.972
       25       1.038
       26       1.105
       27       1.173
       28       1.242
       29       1.313
       30       1.385
       31       1.458
       32       1.532
       33       1.607
       34       1.684
       35       1.761
       36       1.839
       37       1.919
       38       1.999
       39       2.081
       40       2.163
       41       2.247
       42       2.331
       43       2.417
       44       2.503
       45       2.590
       46       2.678
       47       2.767
       48       2.856
       49       2.947
       50       3.038
       51       3.130
       52       3.223
       53       3.317
       54       3.411
       55       3.507
       56       3.603
       57       3.699
       58       3.797
       59       3.895
       60       3.994
       61       4.093
       62       4.193
       63       4.294
       64       4.395
       65       4.497
       66       4.600
       67       4.703
       68       4.807
       69       4.912
       70       5.017
       71       5.122
       72       5.228
       73       5.335
       74       5.442
       75       5.550
       76       5.659
       77       5.768
       78       5.877
       79       5.987
       80       6.097
       81       6.208
       82       6.319
       83       6.431
       84       6.544
       85       6.656
       86       6.770
       87       6.883
       88       6.997
       89       7.112
       90       7.227
       91       7.342
       92       7.458
       93       7.574
       94       7.691
       95       7.808
       96       7.925
       97       8.043
       98       8.160
       99       8.279
      100       8.397
      101       8.516
      102       8.636
      103       8.755
      104       8.875
      105       8.996
      106       9.116
      107       9.237
      108       9.358
      109       9.479
      110       9.601
      111       9.723
      112       9.845
      113       9.967
      114      10.090
      115      10.213
      116      10.336
      117      10.459
      118      10.582
      119      10.706
      120      10.830
      121      10.953
      122      11.078
      123      11.202
      124      11.326
      125      11.451
      126      11.576
      127      11.700
      128      11.825
      129      11.950
      130      12.076
      131      12.201
      132      12.326
      133      12.452
      134      12.578
      135      12.703
      136      12.829
      137      12.955
      138      13.080
      139      13.206
      140      13.332
      141      13.458
      142      13.584
      143      13.710
      144      13.835
      145      13.961
      146      14.087
      147      14.213
      148      14.338
      149      14.464
      150      14.589
      151      14.715
      152      14.840
      153      14.965
      154      15.090
      155      15.215
      156      15.340
      157      15.465
      158      15.589
      159      15.713
      160      15.838
      161      15.962
      162      16.085
      163      16.209
      164      16.332
      165      16.455
      166      16.578
      167      16.701
      168      16.823
      169      16.946
      170      17.068
      171      17.189
      172      17.311
      173      17.432
      174      17.553
      175      17.674
      176      17.794
      177      17.915
      178      18.034
      179      18.154
      180      18.273
      181      18.392
      182      18.511
      183      18.629
      184      18.747
      185      18.865
      186      18.982
      187      19.099
      188      19.216
      189      19.332
      190      19.448
      191      19.563
      192      19.678
      193      19.793
      194      19.907
      195      20.021
      196      20.134
      197      20.247
      198      20.359
      199      20.471
      200      20.582
      201      20.693
      202      20.803
      203      20.913
      204      21.022
      205      21.131
      206      21.239
      207      21.346
      208      21.453
      209      21.560
      210      21.666
      211      21.771
      212      21.875
      213      21.979
      214      22.083
      215      22.185
      216      22.287
      217      22.389
      218      22.490
      219      22.590
      220      22.689
      221      22.788
      222      22.886
      223      22.983
      224      23.080
      225      23.175
      226      23.270
      227      23.365
      228      23.458
      229      23.551
      230      23.643
      231      23.735
      232      23.825
      233      23.915
      234      24.004
      235      24.092
      236      24.179
      237      24.265
      238      24.351
      239      24.435
      240      24.519
      241      24.601
      242      24.683
      243      24.764
      244      24.844
      245      24.923
      246      25.001
      247      25.078
      248      25.154
      249      25.229
      250      25.303
      251      25.376
      252      25.447
      253      25.518
      254      25.587
      255      25.655
      256      25.722
      257      25.788
      258      25.852
      259      25.915
      260      25.976
      261      26.036
      262      26.095
      263      26.152
      264      26.207
      265      26.261
      266      26.313
      267      26.363
      268      26.411
      269      26.457
      270      26.501
      271      26.542
      272      26.581
      273      26.618
