

  TXT                
        0       0.001
        1       0.005
        2       0.014
        3       0.028
        4       0.049
        5       0.078
        6       0.112
        7       0.149
        8       0.189
        9       0.231
       10       0.276
       11       0.322
       12       0.371
       13       0.421
       14       0.473
       15       0.527
       16       0.583
       17       0.641
       18       0.699
       19       0.760
       20       0.822
       21       0.886
       22       0.950
       23       1.017
       24       1.084
       25       1.153
       26       1.223
       27       1.295
       28       1.367
       29       1.441
       30       1.516
       31       1.592
       32       1.669
       33       1.747
       34       1.826
       35       1.907
       36       1.988
       37       2.070
       38       2.153
       39       2.238
       40       2.323
       41       2.409
       42       2.496
       43       2.584
       44       2.672
       45       2.762
       46       2.852
       47       2.944
       48       3.036
       49       3.129
       50       3.222
       51       3.317
       52       3.412
       53       3.508
       54       3.604
       55       3.702
       56       3.800
       57       3.899
       58       3.998
       59       4.099
       60       4.200
       61       4.301
       62       4.403
       63       4.506
       64       4.610
       65       4.714
       66       4.819
       67       4.924
       68       5.030
       69       5.137
       70       5.244
       71       5.351
       72       5.460
       73       5.569
       74       5.678
       75       5.788
       76       5.899
       77       6.010
       78       6.121
       79       6.233
       80       6.346
       81       6.459
       82       6.572
       83       6.686
       84       6.801
       85       6.916
       86       7.031
       87       7.147
       88       7.263
       89       7.379
       90       7.496
       91       7.614
       92       7.731
       93       7.849
       94       7.968
       95       8.087
       96       8.206
       97       8.326
       98       8.445
       99       8.566
      100       8.686
      101       8.807
      102       8.929
      103       9.050
      104       9.172
      105       9.294
      106       9.417
      107       9.539
      108       9.662
      109       9.786
      110       9.909
      111      10.033
      112      10.157
      113      10.282
      114      10.406
      115      10.531
      116      10.656
      117      10.782
      118      10.907
      119      11.033
      120      11.159
      121      11.285
      122      11.411
      123      11.538
      124      11.664
      125      11.791
      126      11.918
      127      12.045
      128      12.172
      129      12.299
      130      12.427
      131      12.554
      132      12.682
      133      12.809
      134      12.937
      135      13.064
      136      13.192
      137      13.320
      138      13.448
      139      13.575
      140      13.703
      141      13.831
      142      13.958
      143      14.086
      144      14.213
      145      14.341
      146      14.468
      147      14.595
      148      14.723
      149      14.850
      150      14.977
      151      15.104
      152      15.230
      153      15.357
      154      15.483
      155      15.610
      156      15.736
      157      15.862
      158      15.988
      159      16.113
      160      16.239
      161      16.364
      162      16.489
      163      16.614
      164      16.739
      165      16.863
      166      16.987
      167      17.111
      168      17.235
      169      17.359
      170      17.482
      171      17.605
      172      17.728
      173      17.850
      174      17.972
      175      18.094
      176      18.216
      177      18.337
      178      18.458
      179      18.578
      180      18.699
      181      18.819
      182      18.938
      183      19.057
      184      19.176
      185      19.295
      186      19.413
      187      19.531
      188      19.648
      189      19.765
      190      19.882
      191      19.998
      192      20.114
      193      20.229
      194      20.344
      195      20.459
      196      20.573
      197      20.686
      198      20.800
      199      20.912
      200      21.024
      201      21.136
      202      21.247
      203      21.358
      204      21.468
      205      21.578
      206      21.687
      207      21.795
      208      21.903
      209      22.011
      210      22.117
      211      22.224
      212      22.329
      213      22.434
      214      22.538
      215      22.642
      216      22.745
      217      22.848
      218      22.949
      219      23.050
      220      23.151
      221      23.250
      222      23.349
      223      23.447
      224      23.545
      225      23.642
      226      23.738
      227      23.833
      228      23.927
      229      24.021
      230      24.114
      231      24.206
      232      24.297
      233      24.387
      234      24.477
      235      24.565
      236      24.653
      237      24.740
      238      24.826
      239      24.911
      240      24.994
      241      25.077
      242      25.159
      243      25.240
      244      25.320
      245      25.399
      246      25.477
      247      25.554
      248      25.630
      249      25.704
      250      25.777
      251      25.849
      252      25.920
      253      25.990
      254      26.058
      255      26.125
      256      26.191
      257      26.255
      258      26.318
      259      26.379
      260      26.439
      261      26.497
      262      26.553
      263      26.608
      264      26.661
      265      26.712
      266      26.761
      267      26.808
      268      26.853
      269      26.895
      270      26.936
      271      26.974
