

  TXT                
        0       0.001
        1       0.003
        2       0.010
        3       0.025
        4       0.047
        5       0.073
        6       0.104
        7       0.138
        8       0.176
        9       0.217
       10       0.260
       11       0.306
       12       0.354
       13       0.404
       14       0.457
       15       0.510
       16       0.566
       17       0.623
       18       0.682
       19       0.742
       20       0.804
       21       0.867
       22       0.931
       23       0.997
       24       1.065
       25       1.133
       26       1.203
       27       1.274
       28       1.347
       29       1.420
       30       1.495
       31       1.571
       32       1.648
       33       1.726
       34       1.806
       35       1.886
       36       1.967
       37       2.049
       38       2.133
       39       2.217
       40       2.302
       41       2.388
       42       2.475
       43       2.563
       44       2.651
       45       2.741
       46       2.831
       47       2.922
       48       3.014
       49       3.107
       50       3.201
       51       3.295
       52       3.390
       53       3.486
       54       3.583
       55       3.680
       56       3.778
       57       3.877
       58       3.977
       59       4.077
       60       4.178
       61       4.279
       62       4.382
       63       4.485
       64       4.588
       65       4.692
       66       4.797
       67       4.903
       68       5.009
       69       5.116
       70       5.223
       71       5.331
       72       5.440
       73       5.549
       74       5.658
       75       5.768
       76       5.879
       77       5.991
       78       6.102
       79       6.215
       80       6.327
       81       6.441
       82       6.555
       83       6.669
       84       6.783
       85       6.899
       86       7.014
       87       7.130
       88       7.246
       89       7.363
       90       7.480
       91       7.598
       92       7.716
       93       7.834
       94       7.953
       95       8.072
       96       8.192
       97       8.311
       98       8.431
       99       8.552
      100       8.673
      101       8.794
      102       8.915
      103       9.037
      104       9.159
      105       9.281
      106       9.404
      107       9.527
      108       9.650
      109       9.773
      110       9.897
      111      10.021
      112      10.145
      113      10.270
      114      10.394
      115      10.519
      116      10.644
      117      10.770
      118      10.895
      119      11.021
      120      11.147
      121      11.273
      122      11.399
      123      11.525
      124      11.652
      125      11.778
      126      11.905
      127      12.032
      128      12.159
      129      12.286
      130      12.413
      131      12.540
      132      12.668
      133      12.795
      134      12.923
      135      13.050
      136      13.178
      137      13.306
      138      13.434
      139      13.561
      140      13.689
      141      13.817
      142      13.944
      143      14.072
      144      14.200
      145      14.327
      146      14.455
      147      14.582
      148      14.710
      149      14.837
      150      14.964
      151      15.091
      152      15.218
      153      15.345
      154      15.472
      155      15.598
      156      15.725
      157      15.851
      158      15.977
      159      16.103
      160      16.228
      161      16.354
      162      16.479
      163      16.604
      164      16.729
      165      16.854
      166      16.978
      167      17.102
      168      17.226
      169      17.350
      170      17.473
      171      17.597
      172      17.719
      173      17.842
      174      17.964
      175      18.086
      176      18.208
      177      18.330
      178      18.451
      179      18.572
      180      18.692
      181      18.812
      182      18.932
      183      19.051
      184      19.170
      185      19.289
      186      19.407
      187      19.525
      188      19.643
      189      19.760
      190      19.877
      191      19.993
      192      20.109
      193      20.224
      194      20.339
      195      20.454
      196      20.568
      197      20.681
      198      20.794
      199      20.907
      200      21.019
      201      21.131
      202      21.242
      203      21.353
      204      21.463
      205      21.573
      206      21.682
      207      21.790
      208      21.898
      209      22.006
      210      22.113
      211      22.219
      212      22.324
      213      22.430
      214      22.534
      215      22.638
      216      22.741
      217      22.843
      218      22.945
      219      23.046
      220      23.147
      221      23.247
      222      23.346
      223      23.444
      224      23.542
      225      23.638
      226      23.735
      227      23.830
      228      23.924
      229      24.018
      230      24.111
      231      24.203
      232      24.295
      233      24.385
      234      24.475
      235      24.563
      236      24.651
      237      24.738
      238      24.824
      239      24.909
      240      24.993
      241      25.077
      242      25.159
      243      25.240
      244      25.320
      245      25.399
      246      25.477
      247      25.554
      248      25.630
      249      25.705
      250      25.779
      251      25.851
      252      25.922
      253      25.992
      254      26.061
      255      26.128
      256      26.195
      257      26.259
      258      26.323
      259      26.384
      260      26.445
      261      26.504
      262      26.561
      263      26.616
      264      26.670
      265      26.722
      266      26.772
      267      26.821
      268      26.867
      269      26.911
      270      26.953
      271      26.993
