

  TXT                
        0       0.000
        1       0.002
        2       0.009
        3       0.023
        4       0.044
        5       0.073
        6       0.110
        7       0.154
        8       0.204
        9       0.259
       10       0.318
       11       0.382
       12       0.450
       13       0.521
       14       0.595
       15       0.673
       16       0.754
       17       0.838
       18       0.924
       19       1.013
       20       1.105
       21       1.199
       22       1.295
       23       1.394
       24       1.495
       25       1.598
       26       1.703
       27       1.811
       28       1.920
       29       2.031
       30       2.144
       31       2.258
       32       2.374
       33       2.492
       34       2.612
       35       2.733
       36       2.855
       37       2.979
       38       3.105
       39       3.231
       40       3.359
       41       3.489
       42       3.619
       43       3.751
       44       3.884
       45       4.018
       46       4.154
       47       4.290
       48       4.427
       49       4.566
       50       4.705
       51       4.845
       52       4.986
       53       5.128
       54       5.271
       55       5.415
       56       5.559
       57       5.704
       58       5.850
       59       5.996
       60       6.143
       61       6.291
       62       6.439
       63       6.588
       64       6.737
       65       6.887
       66       7.037
       67       7.188
       68       7.339
       69       7.490
       70       7.642
       71       7.794
       72       7.947
       73       8.099
       74       8.252
       75       8.406
       76       8.559
       77       8.713
       78       8.866
       79       9.020
       80       9.174
       81       9.329
       82       9.483
       83       9.637
       84       9.791
       85       9.945
       86      10.099
       87      10.253
       88      10.407
       89      10.561
       90      10.714
       91      10.868
       92      11.021
       93      11.174
       94      11.326
       95      11.479
       96      11.631
       97      11.782
       98      11.933
       99      12.084
      100      12.235
      101      12.385
      102      12.534
      103      12.683
      104      12.832
      105      12.980
      106      13.127
      107      13.274
      108      13.420
      109      13.565
      110      13.710
      111      13.854
      112      13.997
      113      14.140
      114      14.281
      115      14.422
      116      14.562
      117      14.701
      118      14.839
      119      14.976
      120      15.112
      121      15.246
      122      15.380
      123      15.512
      124      15.644
      125      15.773
      126      15.902
      127      16.029
      128      16.155
      129      16.279
      130      16.402
      131      16.524
      132      16.643
      133      16.762
      134      16.878
      135      16.993
      136      17.106
      137      17.217
      138      17.326
      139      17.434
      140      17.539
      141      17.642
      142      17.743
      143      17.842
      144      17.939
      145      18.033
      146      18.125
      147      18.214
      148      18.301
      149      18.384
      150      18.465
      151      18.542
      152      18.616
      153      18.687
      154      18.754
      155      18.817
      156      18.877
      157      18.931
      158      18.981
      159      19.024
      160      19.061
      161      19.088
      162      19.105
      163      19.113
      164      19.116
