

  TXT                
        0       0.001
        1       0.008
        2       0.023
        3       0.041
        4       0.063
        5       0.088
        6       0.116
        7       0.146
        8       0.178
        9       0.213
       10       0.249
       11       0.287
       12       0.327
       13       0.368
       14       0.411
       15       0.456
       16       0.502
       17       0.549
       18       0.598
       19       0.648
       20       0.699
       21       0.752
       22       0.806
       23       0.861
       24       0.916
       25       0.973
       26       1.031
       27       1.091
       28       1.151
       29       1.211
       30       1.273
       31       1.336
       32       1.400
       33       1.464
       34       1.529
       35       1.595
       36       1.662
       37       1.730
       38       1.798
       39       1.867
       40       1.937
       41       2.007
       42       2.078
       43       2.150
       44       2.222
       45       2.294
       46       2.368
       47       2.442
       48       2.516
       49       2.591
       50       2.666
       51       2.742
       52       2.818
       53       2.895
       54       2.972
       55       3.050
       56       3.128
       57       3.206
       58       3.285
       59       3.364
       60       3.443
       61       3.523
       62       3.603
       63       3.683
       64       3.763
       65       3.844
       66       3.925
       67       4.006
       68       4.088
       69       4.169
       70       4.251
       71       4.333
       72       4.415
       73       4.497
       74       4.579
       75       4.661
       76       4.744
       77       4.826
       78       4.909
       79       4.991
       80       5.074
       81       5.156
       82       5.239
       83       5.321
       84       5.404
       85       5.486
       86       5.568
       87       5.651
       88       5.733
       89       5.815
       90       5.897
       91       5.978
       92       6.060
       93       6.141
       94       6.222
       95       6.304
       96       6.384
       97       6.465
       98       6.545
       99       6.625
      100       6.705
      101       6.785
      102       6.864
      103       6.943
      104       7.022
      105       7.100
      106       7.178
      107       7.255
      108       7.332
      109       7.409
      110       7.485
      111       7.561
      112       7.636
      113       7.711
      114       7.785
      115       7.859
      116       7.932
      117       8.004
      118       8.076
      119       8.148
      120       8.218
      121       8.288
      122       8.358
      123       8.427
      124       8.494
      125       8.562
      126       8.628
      127       8.694
      128       8.759
      129       8.823
      130       8.886
      131       8.948
      132       9.010
      133       9.070
      134       9.129
      135       9.188
      136       9.245
      137       9.302
      138       9.357
      139       9.411
      140       9.464
      141       9.516
      142       9.566
      143       9.616
      144       9.663
      145       9.710
      146       9.755
      147       9.798
      148       9.839
      149       9.879
      150       9.917
      151       9.953
      152       9.987
      153      10.019
      154      10.049
      155      10.076
      156      10.101
      157      10.122
      158      10.141
      159      10.154
      160      10.160
