

  TXT                
        0       0.000
        1       0.002
        2       0.009
        3       0.023
        4       0.043
        5       0.073
        6       0.108
        7       0.145
        8       0.184
        9       0.226
       10       0.270
       11       0.317
       12       0.365
       13       0.414
       14       0.466
       15       0.519
       16       0.574
       17       0.631
       18       0.689
       19       0.749
       20       0.810
       21       0.872
       22       0.936
       23       1.001
       24       1.068
       25       1.135
       26       1.204
       27       1.275
       28       1.346
       29       1.418
       30       1.492
       31       1.567
       32       1.643
       33       1.720
       34       1.798
       35       1.877
       36       1.957
       37       2.038
       38       2.120
       39       2.203
       40       2.287
       41       2.372
       42       2.458
       43       2.545
       44       2.633
       45       2.721
       46       2.811
       47       2.901
       48       2.992
       49       3.084
       50       3.176
       51       3.270
       52       3.364
       53       3.459
       54       3.554
       55       3.651
       56       3.748
       57       3.846
       58       3.944
       59       4.043
       60       4.143
       61       4.243
       62       4.345
       63       4.446
       64       4.549
       65       4.652
       66       4.755
       67       4.859
       68       4.964
       69       5.070
       70       5.175
       71       5.282
       72       5.389
       73       5.496
       74       5.604
       75       5.713
       76       5.822
       77       5.932
       78       6.042
       79       6.152
       80       6.263
       81       6.375
       82       6.487
       83       6.599
       84       6.712
       85       6.825
       86       6.939
       87       7.053
       88       7.167
       89       7.282
       90       7.397
       91       7.513
       92       7.629
       93       7.746
       94       7.862
       95       7.979
       96       8.097
       97       8.215
       98       8.333
       99       8.451
      100       8.570
      101       8.689
      102       8.808
      103       8.928
      104       9.048
      105       9.168
      106       9.289
      107       9.409
      108       9.530
      109       9.652
      110       9.773
      111       9.895
      112      10.017
      113      10.139
      114      10.261
      115      10.383
      116      10.506
      117      10.629
      118      10.752
      119      10.875
      120      10.998
      121      11.122
      122      11.245
      123      11.369
      124      11.493
      125      11.617
      126      11.741
      127      11.865
      128      11.990
      129      12.114
      130      12.238
      131      12.363
      132      12.487
      133      12.612
      134      12.737
      135      12.862
      136      12.986
      137      13.111
      138      13.236
      139      13.361
      140      13.485
      141      13.610
      142      13.735
      143      13.859
      144      13.984
      145      14.109
      146      14.233
      147      14.357
      148      14.482
      149      14.606
      150      14.730
      151      14.854
      152      14.978
      153      15.102
      154      15.225
      155      15.349
      156      15.472
      157      15.595
      158      15.718
      159      15.841
      160      15.964
      161      16.086
      162      16.208
      163      16.330
      164      16.452
      165      16.573
      166      16.695
      167      16.816
      168      16.937
      169      17.057
      170      17.177
      171      17.297
      172      17.417
      173      17.536
      174      17.655
      175      17.774
      176      17.892
      177      18.011
      178      18.128
      179      18.246
      180      18.363
      181      18.479
      182      18.595
      183      18.711
      184      18.827
      185      18.942
      186      19.056
      187      19.170
      188      19.284
      189      19.397
      190      19.510
      191      19.622
      192      19.734
      193      19.846
      194      19.957
      195      20.067
      196      20.177
      197      20.286
      198      20.395
      199      20.504
      200      20.612
      201      20.719
      202      20.826
      203      20.932
      204      21.038
      205      21.143
      206      21.247
      207      21.351
      208      21.455
      209      21.557
      210      21.659
      211      21.761
      212      21.862
      213      21.962
      214      22.062
      215      22.161
      216      22.259
      217      22.357
      218      22.454
      219      22.550
      220      22.646
      221      22.741
      222      22.835
      223      22.929
      224      23.022
      225      23.114
      226      23.205
      227      23.296
      228      23.385
      229      23.474
      230      23.563
      231      23.650
      232      23.736
      233      23.822
      234      23.907
      235      23.990
      236      24.073
      237      24.155
      238      24.236
      239      24.316
      240      24.395
      241      24.473
      242      24.550
      243      24.626
      244      24.701
      245      24.775
      246      24.847
      247      24.919
      248      24.989
      249      25.058
      250      25.126
      251      25.192
      252      25.257
      253      25.321
      254      25.384
      255      25.445
      256      25.504
      257      25.562
      258      25.618
      259      25.673
      260      25.725
      261      25.776
      262      25.825
      263      25.872
      264      25.917
      265      25.960
      266      26.001
      267      26.040
      268      26.076
      269      26.109
