

  TXT                
        0       0.018
        1       0.035
        2       0.061
        3       0.092
        4       0.128
        5       0.167
        6       0.209
        7       0.253
        8       0.300
        9       0.349
       10       0.399
       11       0.452
       12       0.506
       13       0.562
       14       0.619
       15       0.678
       16       0.738
       17       0.800
       18       0.863
       19       0.927
       20       0.992
       21       1.059
       22       1.127
       23       1.196
       24       1.266
       25       1.337
       26       1.409
       27       1.482
       28       1.556
       29       1.631
       30       1.707
       31       1.784
       32       1.861
       33       1.940
       34       2.020
       35       2.100
       36       2.181
       37       2.263
       38       2.346
       39       2.430
       40       2.515
       41       2.600
       42       2.686
       43       2.773
       44       2.860
       45       2.949
       46       3.038
       47       3.127
       48       3.218
       49       3.309
       50       3.400
       51       3.493
       52       3.586
       53       3.680
       54       3.774
       55       3.869
       56       3.965
       57       4.061
       58       4.158
       59       4.255
       60       4.353
       61       4.452
       62       4.551
       63       4.651
       64       4.751
       65       4.852
       66       4.954
       67       5.056
       68       5.158
       69       5.262
       70       5.365
       71       5.469
       72       5.574
       73       5.679
       74       5.784
       75       5.890
       76       5.997
       77       6.104
       78       6.211
       79       6.319
       80       6.427
       81       6.536
       82       6.645
       83       6.755
       84       6.865
       85       6.976
       86       7.087
       87       7.198
       88       7.310
       89       7.422
       90       7.534
       91       7.647
       92       7.760
       93       7.874
       94       7.988
       95       8.102
       96       8.217
       97       8.332
       98       8.447
       99       8.562
      100       8.678
      101       8.794
      102       8.911
      103       9.028
      104       9.145
      105       9.262
      106       9.379
      107       9.497
      108       9.615
      109       9.733
      110       9.852
      111       9.970
      112      10.089
      113      10.208
      114      10.327
      115      10.446
      116      10.566
      117      10.685
      118      10.805
      119      10.925
      120      11.045
      121      11.165
      122      11.285
      123      11.406
      124      11.526
      125      11.647
      126      11.767
      127      11.888
      128      12.009
      129      12.129
      130      12.250
      131      12.371
      132      12.492
      133      12.613
      134      12.733
      135      12.854
      136      12.975
      137      13.096
      138      13.216
      139      13.337
      140      13.458
      141      13.578
      142      13.699
      143      13.819
      144      13.940
      145      14.060
      146      14.180
      147      14.300
      148      14.420
      149      14.539
      150      14.659
      151      14.778
      152      14.898
      153      15.017
      154      15.136
      155      15.255
      156      15.373
      157      15.491
      158      15.610
      159      15.728
      160      15.845
      161      15.963
      162      16.080
      163      16.197
      164      16.314
      165      16.430
      166      16.547
      167      16.663
      168      16.778
      169      16.894
      170      17.009
      171      17.124
      172      17.239
      173      17.353
      174      17.467
      175      17.580
      176      17.694
      177      17.807
      178      17.919
      179      18.031
      180      18.143
      181      18.255
      182      18.366
      183      18.476
      184      18.587
      185      18.697
      186      18.806
      187      18.915
      188      19.024
      189      19.132
      190      19.240
      191      19.347
      192      19.454
      193      19.560
      194      19.666
      195      19.771
      196      19.876
      197      19.981
      198      20.084
      199      20.188
      200      20.291
      201      20.393
      202      20.495
      203      20.596
      204      20.697
      205      20.797
      206      20.896
      207      20.995
      208      21.094
      209      21.191
      210      21.288
      211      21.385
      212      21.481
      213      21.576
      214      21.670
      215      21.764
      216      21.857
      217      21.950
      218      22.042
      219      22.133
      220      22.223
      221      22.313
      222      22.401
      223      22.490
      224      22.577
      225      22.663
      226      22.749
      227      22.834
      228      22.918
      229      23.002
      230      23.084
      231      23.166
      232      23.247
      233      23.327
      234      23.406
      235      23.484
      236      23.562
      237      23.638
      238      23.714
      239      23.788
      240      23.862
      241      23.934
      242      24.006
      243      24.076
      244      24.146
      245      24.214
      246      24.281
      247      24.347
      248      24.412
      249      24.476
      250      24.538
      251      24.599
      252      24.659
      253      24.717
      254      24.774
      255      24.830
      256      24.884
      257      24.936
      258      24.987
      259      25.037
      260      25.085
      261      25.131
      262      25.175
      263      25.217
      264      25.258
      265      25.296
      266      25.332
      267      25.365
      268      25.396
