

  TXT                
        0       0.002
        1       0.007
        2       0.017
        3       0.030
        4       0.045
        5       0.061
        6       0.079
        7       0.099
        8       0.120
        9       0.143
       10       0.168
       11       0.193
       12       0.220
       13       0.249
       14       0.278
       15       0.309
       16       0.341
       17       0.374
       18       0.408
       19       0.442
       20       0.478
       21       0.515
       22       0.552
       23       0.590
       24       0.629
       25       0.668
       26       0.708
       27       0.749
       28       0.790
       29       0.832
       30       0.874
       31       0.917
       32       0.961
       33       1.005
       34       1.049
       35       1.094
       36       1.140
       37       1.185
       38       1.232
       39       1.279
       40       1.326
       41       1.373
       42       1.421
       43       1.470
       44       1.518
       45       1.567
       46       1.617
       47       1.666
       48       1.717
       49       1.767
       50       1.818
       51       1.868
       52       1.920
       53       1.971
       54       2.023
       55       2.075
       56       2.127
       57       2.179
       58       2.232
       59       2.284
       60       2.337
       61       2.390
       62       2.443
       63       2.496
       64       2.549
       65       2.602
       66       2.656
       67       2.709
       68       2.762
       69       2.816
       70       2.869
       71       2.922
       72       2.976
       73       3.029
       74       3.082
       75       3.135
       76       3.189
       77       3.242
       78       3.295
       79       3.348
       80       3.400
       81       3.453
       82       3.505
       83       3.558
       84       3.610
       85       3.662
       86       3.714
       87       3.765
       88       3.816
       89       3.867
       90       3.918
       91       3.969
       92       4.019
       93       4.069
       94       4.118
       95       4.168
       96       4.216
       97       4.265
       98       4.313
       99       4.361
      100       4.408
      101       4.455
      102       4.501
      103       4.547
      104       4.593
      105       4.638
      106       4.682
      107       4.726
      108       4.770
      109       4.813
      110       4.855
      111       4.897
      112       4.938
      113       4.978
      114       5.018
      115       5.057
      116       5.096
      117       5.133
      118       5.170
      119       5.206
      120       5.242
      121       5.276
      122       5.310
      123       5.342
      124       5.374
      125       5.404
      126       5.434
      127       5.462
      128       5.490
      129       5.516
      130       5.540
      131       5.564
      132       5.585
      133       5.606
      134       5.624
      135       5.641
      136       5.655
      137       5.667
      138       5.677
      139       5.683
