

  TXT                
        0       0.000
        1       0.007
        2       0.021
        3       0.042
        4       0.069
        5       0.101
        6       0.136
        7       0.174
        8       0.214
        9       0.256
       10       0.300
       11       0.346
       12       0.394
       13       0.444
       14       0.496
       15       0.550
       16       0.605
       17       0.662
       18       0.720
       19       0.780
       20       0.842
       21       0.905
       22       0.970
       23       1.036
       24       1.103
       25       1.172
       26       1.242
       27       1.313
       28       1.385
       29       1.459
       30       1.533
       31       1.609
       32       1.686
       33       1.763
       34       1.842
       35       1.922
       36       2.003
       37       2.084
       38       2.167
       39       2.251
       40       2.335
       41       2.421
       42       2.507
       43       2.594
       44       2.683
       45       2.772
       46       2.862
       47       2.952
       48       3.044
       49       3.137
       50       3.230
       51       3.324
       52       3.418
       53       3.514
       54       3.610
       55       3.707
       56       3.805
       57       3.903
       58       4.002
       59       4.102
       60       4.203
       61       4.304
       62       4.405
       63       4.508
       64       4.611
       65       4.714
       66       4.819
       67       4.923
       68       5.029
       69       5.135
       70       5.241
       71       5.349
       72       5.456
       73       5.564
       74       5.673
       75       5.782
       76       5.892
       77       6.003
       78       6.113
       79       6.225
       80       6.336
       81       6.449
       82       6.561
       83       6.675
       84       6.788
       85       6.902
       86       7.017
       87       7.132
       88       7.247
       89       7.363
       90       7.479
       91       7.596
       92       7.713
       93       7.830
       94       7.948
       95       8.066
       96       8.184
       97       8.303
       98       8.423
       99       8.542
      100       8.662
      101       8.782
      102       8.902
      103       9.023
      104       9.144
      105       9.266
      106       9.387
      107       9.509
      108       9.631
      109       9.753
      110       9.876
      111       9.999
      112      10.122
      113      10.245
      114      10.368
      115      10.492
      116      10.616
      117      10.740
      118      10.864
      119      10.988
      120      11.113
      121      11.238
      122      11.363
      123      11.488
      124      11.613
      125      11.738
      126      11.863
      127      11.989
      128      12.115
      129      12.240
      130      12.366
      131      12.492
      132      12.618
      133      12.744
      134      12.870
      135      12.996
      136      13.122
      137      13.248
      138      13.375
      139      13.501
      140      13.627
      141      13.753
      142      13.879
      143      14.005
      144      14.131
      145      14.257
      146      14.383
      147      14.509
      148      14.634
      149      14.760
      150      14.885
      151      15.011
      152      15.136
      153      15.261
      154      15.386
      155      15.511
      156      15.635
      157      15.760
      158      15.884
      159      16.008
      160      16.132
      161      16.256
      162      16.380
      163      16.503
      164      16.626
      165      16.749
      166      16.872
      167      16.994
      168      17.116
      169      17.238
      170      17.360
      171      17.481
      172      17.602
      173      17.723
      174      17.844
      175      17.964
      176      18.084
      177      18.203
      178      18.323
      179      18.442
      180      18.560
      181      18.678
      182      18.796
      183      18.914
      184      19.031
      185      19.148
      186      19.264
      187      19.380
      188      19.496
      189      19.611
      190      19.726
      191      19.841
      192      19.955
      193      20.069
      194      20.182
      195      20.294
      196      20.407
      197      20.519
      198      20.630
      199      20.741
      200      20.851
      201      20.961
      202      21.071
      203      21.179
      204      21.288
      205      21.396
      206      21.503
      207      21.610
      208      21.716
      209      21.821
      210      21.926
      211      22.031
      212      22.134
      213      22.237
      214      22.340
      215      22.442
      216      22.543
      217      22.643
      218      22.743
      219      22.842
      220      22.941
      221      23.038
      222      23.135
      223      23.232
      224      23.327
      225      23.422
      226      23.516
      227      23.609
      228      23.702
      229      23.794
      230      23.885
      231      23.975
      232      24.064
      233      24.152
      234      24.240
      235      24.327
      236      24.412
      237      24.497
      238      24.581
      239      24.664
      240      24.746
      241      24.827
      242      24.908
      243      24.987
      244      25.065
      245      25.142
      246      25.218
      247      25.293
      248      25.367
      249      25.440
      250      25.512
      251      25.582
      252      25.652
      253      25.720
      254      25.787
      255      25.853
      256      25.918
      257      25.981
      258      26.043
      259      26.104
      260      26.163
      261      26.221
      262      26.276
      263      26.330
      264      26.383
      265      26.433
      266      26.480
      267      26.526
      268      26.569
      269      26.609
      270      26.647
      271      26.682
