

  TXT                
        0       0.010
        1       0.024
        2       0.049
        3       0.081
        4       0.118
        5       0.157
        6       0.199
        7       0.243
        8       0.289
        9       0.338
       10       0.388
       11       0.440
       12       0.494
       13       0.550
       14       0.608
       15       0.667
       16       0.727
       17       0.789
       18       0.853
       19       0.917
       20       0.984
       21       1.051
       22       1.120
       23       1.190
       24       1.261
       25       1.334
       26       1.407
       27       1.482
       28       1.558
       29       1.635
       30       1.713
       31       1.793
       32       1.873
       33       1.954
       34       2.037
       35       2.120
       36       2.204
       37       2.289
       38       2.376
       39       2.463
       40       2.551
       41       2.640
       42       2.730
       43       2.820
       44       2.912
       45       3.004
       46       3.097
       47       3.192
       48       3.286
       49       3.382
       50       3.478
       51       3.576
       52       3.674
       53       3.772
       54       3.872
       55       3.972
       56       4.073
       57       4.174
       58       4.277
       59       4.380
       60       4.483
       61       4.588
       62       4.692
       63       4.798
       64       4.904
       65       5.011
       66       5.118
       67       5.226
       68       5.335
       69       5.444
       70       5.553
       71       5.663
       72       5.774
       73       5.885
       74       5.997
       75       6.109
       76       6.222
       77       6.335
       78       6.448
       79       6.562
       80       6.677
       81       6.792
       82       6.907
       83       7.023
       84       7.139
       85       7.255
       86       7.372
       87       7.490
       88       7.607
       89       7.725
       90       7.844
       91       7.963
       92       8.082
       93       8.201
       94       8.321
       95       8.441
       96       8.562
       97       8.683
       98       8.804
       99       8.925
      100       9.047
      101       9.169
      102       9.291
      103       9.414
      104       9.536
      105       9.660
      106       9.783
      107       9.907
      108      10.030
      109      10.155
      110      10.279
      111      10.403
      112      10.528
      113      10.653
      114      10.778
      115      10.904
      116      11.029
      117      11.155
      118      11.281
      119      11.407
      120      11.533
      121      11.660
      122      11.786
      123      11.913
      124      12.040
      125      12.166
      126      12.293
      127      12.421
      128      12.548
      129      12.675
      130      12.802
      131      12.930
      132      13.057
      133      13.185
      134      13.312
      135      13.440
      136      13.567
      137      13.695
      138      13.822
      139      13.950
      140      14.077
      141      14.204
      142      14.331
      143      14.458
      144      14.585
      145      14.712
      146      14.839
      147      14.966
      148      15.092
      149      15.219
      150      15.345
      151      15.471
      152      15.597
      153      15.723
      154      15.849
      155      15.974
      156      16.099
      157      16.225
      158      16.350
      159      16.474
      160      16.599
      161      16.723
      162      16.847
      163      16.971
      164      17.095
      165      17.218
      166      17.341
      167      17.464
      168      17.586
      169      17.709
      170      17.831
      171      17.952
      172      18.074
      173      18.195
      174      18.316
      175      18.436
      176      18.556
      177      18.676
      178      18.796
      179      18.915
      180      19.034
      181      19.152
      182      19.270
      183      19.388
      184      19.506
      185      19.623
      186      19.739
      187      19.855
      188      19.971
      189      20.086
      190      20.201
      191      20.316
      192      20.430
      193      20.543
      194      20.656
      195      20.769
      196      20.881
      197      20.993
      198      21.104
      199      21.214
      200      21.324
      201      21.433
      202      21.542
      203      21.651
      204      21.758
      205      21.865
      206      21.972
      207      22.078
      208      22.183
      209      22.287
      210      22.391
      211      22.495
      212      22.597
      213      22.699
      214      22.801
      215      22.901
      216      23.001
      217      23.101
      218      23.199
      219      23.297
      220      23.394
      221      23.490
      222      23.586
      223      23.681
      224      23.775
      225      23.868
      226      23.961
      227      24.052
      228      24.143
      229      24.233
      230      24.322
      231      24.410
      232      24.497
      233      24.583
      234      24.669
      235      24.753
      236      24.837
      237      24.919
      238      25.001
      239      25.081
      240      25.161
      241      25.240
      242      25.317
      243      25.394
      244      25.469
      245      25.543
      246      25.617
      247      25.689
      248      25.760
      249      25.830
      250      25.899
      251      25.966
      252      26.032
      253      26.097
      254      26.161
      255      26.223
      256      26.284
      257      26.344
      258      26.402
      259      26.458
      260      26.513
      261      26.566
      262      26.618
      263      26.668
      264      26.715
      265      26.761
      266      26.805
      267      26.847
      268      26.886
      269      26.923
      270      26.957
