

  TXT                
        0       0.017
        1       0.031
        2       0.054
        3       0.085
        4       0.123
        5       0.163
        6       0.206
        7       0.251
        8       0.298
        9       0.347
       10       0.399
       11       0.451
       12       0.506
       13       0.562
       14       0.620
       15       0.679
       16       0.739
       17       0.801
       18       0.864
       19       0.929
       20       0.995
       21       1.062
       22       1.130
       23       1.200
       24       1.271
       25       1.342
       26       1.415
       27       1.489
       28       1.565
       29       1.641
       30       1.718
       31       1.796
       32       1.876
       33       1.956
       34       2.037
       35       2.119
       36       2.202
       37       2.286
       38       2.371
       39       2.457
       40       2.544
       41       2.631
       42       2.720
       43       2.809
       44       2.899
       45       2.990
       46       3.082
       47       3.174
       48       3.268
       49       3.362
       50       3.456
       51       3.552
       52       3.648
       53       3.745
       54       3.843
       55       3.941
       56       4.041
       57       4.140
       58       4.241
       59       4.342
       60       4.444
       61       4.546
       62       4.649
       63       4.753
       64       4.857
       65       4.962
       66       5.068
       67       5.173
       68       5.280
       69       5.387
       70       5.495
       71       5.603
       72       5.711
       73       5.820
       74       5.930
       75       6.040
       76       6.150
       77       6.261
       78       6.373
       79       6.485
       80       6.597
       81       6.710
       82       6.823
       83       6.937
       84       7.051
       85       7.165
       86       7.280
       87       7.395
       88       7.511
       89       7.627
       90       7.743
       91       7.860
       92       7.977
       93       8.094
       94       8.212
       95       8.330
       96       8.449
       97       8.567
       98       8.686
       99       8.806
      100       8.925
      101       9.045
      102       9.166
      103       9.286
      104       9.407
      105       9.528
      106       9.650
      107       9.771
      108       9.893
      109      10.015
      110      10.137
      111      10.260
      112      10.383
      113      10.506
      114      10.629
      115      10.752
      116      10.876
      117      11.000
      118      11.124
      119      11.248
      120      11.372
      121      11.496
      122      11.621
      123      11.746
      124      11.871
      125      11.996
      126      12.121
      127      12.246
      128      12.371
      129      12.497
      130      12.623
      131      12.748
      132      12.874
      133      13.000
      134      13.125
      135      13.251
      136      13.377
      137      13.503
      138      13.628
      139      13.754
      140      13.879
      141      14.005
      142      14.130
      143      14.255
      144      14.381
      145      14.506
      146      14.631
      147      14.755
      148      14.880
      149      15.005
      150      15.129
      151      15.253
      152      15.377
      153      15.501
      154      15.625
      155      15.749
      156      15.872
      157      15.995
      158      16.118
      159      16.241
      160      16.364
      161      16.486
      162      16.608
      163      16.730
      164      16.852
      165      16.973
      166      17.094
      167      17.215
      168      17.336
      169      17.456
      170      17.576
      171      17.696
      172      17.816
      173      17.935
      174      18.054
      175      18.172
      176      18.290
      177      18.408
      178      18.526
      179      18.643
      180      18.759
      181      18.876
      182      18.992
      183      19.107
      184      19.223
      185      19.337
      186      19.452
      187      19.566
      188      19.679
      189      19.792
      190      19.905
      191      20.017
      192      20.129
      193      20.240
      194      20.351
      195      20.462
      196      20.572
      197      20.681
      198      20.790
      199      20.898
      200      21.006
      201      21.114
      202      21.221
      203      21.327
      204      21.433
      205      21.539
      206      21.643
      207      21.748
      208      21.852
      209      21.955
      210      22.057
      211      22.160
      212      22.261
      213      22.362
      214      22.463
      215      22.562
      216      22.662
      217      22.760
      218      22.858
      219      22.956
      220      23.053
      221      23.149
      222      23.244
      223      23.339
      224      23.433
      225      23.527
      226      23.620
      227      23.711
      228      23.803
      229      23.893
      230      23.982
      231      24.070
      232      24.158
      233      24.244
      234      24.329
      235      24.413
      236      24.497
      237      24.579
      238      24.660
      239      24.740
      240      24.819
      241      24.897
      242      24.974
      243      25.049
      244      25.124
      245      25.197
      246      25.269
      247      25.340
      248      25.410
      249      25.478
      250      25.546
      251      25.612
      252      25.676
      253      25.739
      254      25.801
      255      25.862
      256      25.921
      257      25.979
      258      26.035
      259      26.089
      260      26.142
      261      26.194
      262      26.243
      263      26.291
      264      26.337
      265      26.381
      266      26.422
      267      26.461
      268      26.498
