

  TXT                
        0       0.001
        1       0.004
        2       0.010
        3       0.021
        4       0.034
        5       0.049
        6       0.066
        7       0.085
        8       0.105
        9       0.127
       10       0.150
       11       0.175
       12       0.201
       13       0.228
       14       0.257
       15       0.287
       16       0.318
       17       0.350
       18       0.383
       19       0.417
       20       0.452
       21       0.488
       22       0.524
       23       0.562
       24       0.600
       25       0.639
       26       0.679
       27       0.719
       28       0.760
       29       0.801
       30       0.843
       31       0.886
       32       0.929
       33       0.972
       34       1.016
       35       1.061
       36       1.106
       37       1.152
       38       1.198
       39       1.244
       40       1.291
       41       1.338
       42       1.386
       43       1.434
       44       1.483
       45       1.531
       46       1.581
       47       1.630
       48       1.680
       49       1.730
       50       1.780
       51       1.831
       52       1.882
       53       1.933
       54       1.985
       55       2.037
       56       2.089
       57       2.141
       58       2.193
       59       2.246
       60       2.298
       61       2.351
       62       2.404
       63       2.457
       64       2.510
       65       2.564
       66       2.617
       67       2.670
       68       2.723
       69       2.777
       70       2.830
       71       2.883
       72       2.937
       73       2.990
       74       3.043
       75       3.097
       76       3.150
       77       3.203
       78       3.256
       79       3.309
       80       3.362
       81       3.415
       82       3.467
       83       3.520
       84       3.572
       85       3.624
       86       3.676
       87       3.728
       88       3.779
       89       3.830
       90       3.881
       91       3.932
       92       3.982
       93       4.032
       94       4.082
       95       4.132
       96       4.181
       97       4.230
       98       4.278
       99       4.326
      100       4.374
      101       4.421
      102       4.467
      103       4.514
      104       4.560
      105       4.605
      106       4.650
      107       4.694
      108       4.738
      109       4.781
      110       4.824
      111       4.866
      112       4.908
      113       4.949
      114       4.989
      115       5.029
      116       5.068
      117       5.106
      118       5.143
      119       5.180
      120       5.216
      121       5.251
      122       5.285
      123       5.318
      124       5.351
      125       5.382
      126       5.412
      127       5.442
      128       5.470
      129       5.497
      130       5.522
      131       5.547
      132       5.569
      133       5.591
      134       5.611
      135       5.629
      136       5.645
      137       5.659
      138       5.670
      139       5.679
      140       5.683
