

  TXT                
        0       0.025
        1       0.048
        2       0.078
        3       0.113
        4       0.153
        5       0.195
        6       0.240
        7       0.288
        8       0.338
        9       0.389
       10       0.443
       11       0.497
       12       0.554
       13       0.612
       14       0.672
       15       0.733
       16       0.795
       17       0.859
       18       0.924
       19       0.991
       20       1.059
       21       1.128
       22       1.198
       23       1.270
       24       1.343
       25       1.417
       26       1.492
       27       1.569
       28       1.646
       29       1.725
       30       1.805
       31       1.885
       32       1.967
       33       2.050
       34       2.134
       35       2.219
       36       2.305
       37       2.392
       38       2.480
       39       2.569
       40       2.659
       41       2.749
       42       2.841
       43       2.933
       44       3.026
       45       3.120
       46       3.214
       47       3.310
       48       3.406
       49       3.503
       50       3.601
       51       3.699
       52       3.798
       53       3.898
       54       3.998
       55       4.100
       56       4.202
       57       4.304
       58       4.408
       59       4.512
       60       4.616
       61       4.722
       62       4.828
       63       4.934
       64       5.041
       65       5.149
       66       5.258
       67       5.367
       68       5.476
       69       5.586
       70       5.697
       71       5.808
       72       5.920
       73       6.032
       74       6.145
       75       6.259
       76       6.373
       77       6.487
       78       6.602
       79       6.717
       80       6.833
       81       6.949
       82       7.066
       83       7.183
       84       7.301
       85       7.419
       86       7.537
       87       7.656
       88       7.775
       89       7.894
       90       8.014
       91       8.135
       92       8.255
       93       8.376
       94       8.498
       95       8.619
       96       8.741
       97       8.863
       98       8.986
       99       9.109
      100       9.232
      101       9.355
      102       9.479
      103       9.603
      104       9.727
      105       9.852
      106       9.976
      107      10.101
      108      10.226
      109      10.352
      110      10.477
      111      10.603
      112      10.729
      113      10.855
      114      10.982
      115      11.108
      116      11.235
      117      11.362
      118      11.489
      119      11.616
      120      11.743
      121      11.871
      122      11.998
      123      12.126
      124      12.254
      125      12.382
      126      12.510
      127      12.638
      128      12.766
      129      12.895
      130      13.023
      131      13.152
      132      13.280
      133      13.408
      134      13.537
      135      13.665
      136      13.794
      137      13.922
      138      14.050
      139      14.179
      140      14.307
      141      14.435
      142      14.563
      143      14.691
      144      14.819
      145      14.947
      146      15.074
      147      15.202
      148      15.329
      149      15.456
      150      15.584
      151      15.710
      152      15.837
      153      15.964
      154      16.090
      155      16.216
      156      16.342
      157      16.468
      158      16.593
      159      16.718
      160      16.843
      161      16.968
      162      17.093
      163      17.217
      164      17.341
      165      17.465
      166      17.588
      167      17.712
      168      17.835
      169      17.957
      170      18.079
      171      18.201
      172      18.323
      173      18.444
      174      18.565
      175      18.686
      176      18.806
      177      18.926
      178      19.046
      179      19.165
      180      19.284
      181      19.402
      182      19.520
      183      19.638
      184      19.755
      185      19.872
      186      19.988
      187      20.104
      188      20.220
      189      20.335
      190      20.450
      191      20.564
      192      20.677
      193      20.790
      194      20.903
      195      21.015
      196      21.127
      197      21.238
      198      21.349
      199      21.459
      200      21.568
      201      21.677
      202      21.786
      203      21.894
      204      22.001
      205      22.108
      206      22.214
      207      22.319
      208      22.424
      209      22.528
      210      22.632
      211      22.734
      212      22.836
      213      22.938
      214      23.039
      215      23.139
      216      23.238
      217      23.336
      218      23.434
      219      23.531
      220      23.628
      221      23.723
      222      23.818
      223      23.912
      224      24.005
      225      24.097
      226      24.189
      227      24.280
      228      24.369
      229      24.459
      230      24.547
      231      24.634
      232      24.720
      233      24.806
      234      24.890
      235      24.974
      236      25.056
      237      25.138
      238      25.218
      239      25.297
      240      25.376
      241      25.453
      242      25.529
      243      25.603
      244      25.677
      245      25.749
      246      25.820
      247      25.889
      248      25.958
      249      26.025
      250      26.090
      251      26.155
      252      26.217
      253      26.279
      254      26.338
      255      26.397
      256      26.453
      257      26.508
      258      26.562
      259      26.613
      260      26.663
      261      26.711
      262      26.756
      263      26.800
      264      26.841
      265      26.880
      266      26.916
      267      26.949
      268      26.979
