

  TXT                
        0       0.027
        1       0.054
        2       0.087
        3       0.122
        4       0.160
        5       0.199
        6       0.241
        7       0.285
        8       0.331
        9       0.379
       10       0.429
       11       0.480
       12       0.533
       13       0.588
       14       0.644
       15       0.702
       16       0.762
       17       0.822
       18       0.885
       19       0.948
       20       1.013
       21       1.079
       22       1.146
       23       1.215
       24       1.285
       25       1.356
       26       1.428
       27       1.501
       28       1.575
       29       1.651
       30       1.727
       31       1.805
       32       1.883
       33       1.963
       34       2.043
       35       2.125
       36       2.208
       37       2.291
       38       2.376
       39       2.461
       40       2.547
       41       2.635
       42       2.723
       43       2.812
       44       2.902
       45       2.994
       46       3.085
       47       3.178
       48       3.272
       49       3.366
       50       3.461
       51       3.557
       52       3.653
       53       3.750
       54       3.848
       55       3.947
       56       4.046
       57       4.146
       58       4.246
       59       4.347
       60       4.449
       61       4.551
       62       4.654
       63       4.757
       64       4.862
       65       4.966
       66       5.071
       67       5.177
       68       5.284
       69       5.391
       70       5.498
       71       5.606
       72       5.714
       73       5.823
       74       5.933
       75       6.043
       76       6.153
       77       6.264
       78       6.376
       79       6.488
       80       6.600
       81       6.713
       82       6.826
       83       6.940
       84       7.054
       85       7.168
       86       7.283
       87       7.399
       88       7.514
       89       7.630
       90       7.747
       91       7.864
       92       7.981
       93       8.098
       94       8.216
       95       8.334
       96       8.453
       97       8.572
       98       8.691
       99       8.810
      100       8.930
      101       9.050
      102       9.170
      103       9.291
      104       9.411
      105       9.532
      106       9.654
      107       9.775
      108       9.897
      109      10.019
      110      10.141
      111      10.264
      112      10.386
      113      10.509
      114      10.632
      115      10.756
      116      10.879
      117      11.003
      118      11.126
      119      11.250
      120      11.374
      121      11.499
      122      11.623
      123      11.747
      124      11.872
      125      11.997
      126      12.121
      127      12.246
      128      12.371
      129      12.496
      130      12.621
      131      12.746
      132      12.872
      133      12.997
      134      13.122
      135      13.247
      136      13.373
      137      13.498
      138      13.623
      139      13.748
      140      13.874
      141      13.999
      142      14.124
      143      14.249
      144      14.374
      145      14.499
      146      14.623
      147      14.748
      148      14.873
      149      14.997
      150      15.122
      151      15.246
      152      15.370
      153      15.494
      154      15.618
      155      15.742
      156      15.865
      157      15.989
      158      16.112
      159      16.235
      160      16.358
      161      16.481
      162      16.603
      163      16.726
      164      16.848
      165      16.970
      166      17.091
      167      17.213
      168      17.334
      169      17.455
      170      17.575
      171      17.696
      172      17.816
      173      17.936
      174      18.055
      175      18.174
      176      18.293
      177      18.412
      178      18.530
      179      18.648
      180      18.765
      181      18.883
      182      18.999
      183      19.116
      184      19.232
      185      19.348
      186      19.463
      187      19.578
      188      19.693
      189      19.807
      190      19.921
      191      20.034
      192      20.147
      193      20.259
      194      20.371
      195      20.483
      196      20.594
      197      20.704
      198      20.815
      199      20.924
      200      21.033
      201      21.142
      202      21.250
      203      21.358
      204      21.465
      205      21.571
      206      21.677
      207      21.783
      208      21.887
      209      21.992
      210      22.095
      211      22.198
      212      22.301
      213      22.403
      214      22.504
      215      22.604
      216      22.704
      217      22.803
      218      22.902
      219      23.000
      220      23.097
      221      23.193
      222      23.289
      223      23.384
      224      23.478
      225      23.572
      226      23.665
      227      23.757
      228      23.848
      229      23.939
      230      24.028
      231      24.117
      232      24.205
      233      24.292
      234      24.379
      235      24.464
      236      24.549
      237      24.632
      238      24.715
      239      24.796
      240      24.877
      241      24.956
      242      25.035
      243      25.112
      244      25.189
      245      25.264
      246      25.338
      247      25.411
      248      25.482
      249      25.553
      250      25.622
      251      25.690
      252      25.757
      253      25.822
      254      25.886
      255      25.949
      256      26.010
      257      26.070
      258      26.128
      259      26.185
      260      26.240
      261      26.293
      262      26.345
      263      26.395
      264      26.443
      265      26.489
      266      26.532
      267      26.574
      268      26.613
      269      26.650
      270      26.683
      271      26.714
      272      26.742
