

  TXT                
        0       0.011
        1       0.029
        2       0.056
        3       0.091
        4       0.129
        5       0.169
        6       0.211
        7       0.255
        8       0.302
        9       0.349
       10       0.399
       11       0.450
       12       0.503
       13       0.558
       14       0.614
       15       0.672
       16       0.732
       17       0.793
       18       0.855
       19       0.919
       20       0.984
       21       1.051
       22       1.119
       23       1.188
       24       1.259
       25       1.330
       26       1.403
       27       1.477
       28       1.552
       29       1.628
       30       1.705
       31       1.783
       32       1.862
       33       1.942
       34       2.023
       35       2.105
       36       2.188
       37       2.272
       38       2.357
       39       2.443
       40       2.529
       41       2.616
       42       2.705
       43       2.794
       44       2.884
       45       2.974
       46       3.066
       47       3.158
       48       3.251
       49       3.345
       50       3.440
       51       3.535
       52       3.631
       53       3.728
       54       3.825
       55       3.923
       56       4.022
       57       4.122
       58       4.222
       59       4.323
       60       4.424
       61       4.526
       62       4.629
       63       4.733
       64       4.837
       65       4.941
       66       5.046
       67       5.152
       68       5.259
       69       5.365
       70       5.473
       71       5.581
       72       5.689
       73       5.798
       74       5.908
       75       6.018
       76       6.129
       77       6.240
       78       6.351
       79       6.463
       80       6.575
       81       6.688
       82       6.801
       83       6.915
       84       7.029
       85       7.143
       86       7.258
       87       7.373
       88       7.489
       89       7.605
       90       7.721
       91       7.838
       92       7.954
       93       8.072
       94       8.189
       95       8.307
       96       8.426
       97       8.544
       98       8.663
       99       8.782
      100       8.902
      101       9.022
      102       9.142
      103       9.262
      104       9.383
      105       9.503
      106       9.624
      107       9.746
      108       9.867
      109       9.989
      110      10.111
      111      10.233
      112      10.356
      113      10.478
      114      10.601
      115      10.724
      116      10.847
      117      10.971
      118      11.094
      119      11.218
      120      11.341
      121      11.465
      122      11.589
      123      11.714
      124      11.838
      125      11.962
      126      12.087
      127      12.211
      128      12.336
      129      12.461
      130      12.585
      131      12.710
      132      12.835
      133      12.960
      134      13.085
      135      13.210
      136      13.335
      137      13.460
      138      13.585
      139      13.710
      140      13.835
      141      13.960
      142      14.085
      143      14.209
      144      14.334
      145      14.459
      146      14.583
      147      14.707
      148      14.832
      149      14.956
      150      15.080
      151      15.204
      152      15.327
      153      15.451
      154      15.574
      155      15.697
      156      15.821
      157      15.943
      158      16.066
      159      16.189
      160      16.311
      161      16.433
      162      16.555
      163      16.677
      164      16.798
      165      16.920
      166      17.041
      167      17.162
      168      17.282
      169      17.402
      170      17.522
      171      17.642
      172      17.762
      173      17.881
      174      18.000
      175      18.119
      176      18.237
      177      18.355
      178      18.473
      179      18.590
      180      18.707
      181      18.824
      182      18.940
      183      19.056
      184      19.171
      185      19.286
      186      19.401
      187      19.516
      188      19.630
      189      19.743
      190      19.856
      191      19.969
      192      20.081
      193      20.193
      194      20.304
      195      20.415
      196      20.526
      197      20.636
      198      20.745
      199      20.854
      200      20.963
      201      21.071
      202      21.178
      203      21.285
      204      21.392
      205      21.497
      206      21.603
      207      21.707
      208      21.811
      209      21.915
      210      22.018
      211      22.120
      212      22.222
      213      22.323
      214      22.423
      215      22.523
      216      22.622
      217      22.721
      218      22.818
      219      22.915
      220      23.012
      221      23.107
      222      23.202
      223      23.296
      224      23.390
      225      23.482
      226      23.574
      227      23.665
      228      23.755
      229      23.845
      230      23.933
      231      24.021
      232      24.108
      233      24.194
      234      24.280
      235      24.364
      236      24.447
      237      24.530
      238      24.612
      239      24.692
      240      24.772
      241      24.850
      242      24.928
      243      25.004
      244      25.079
      245      25.153
      246      25.226
      247      25.298
      248      25.368
      249      25.437
      250      25.505
      251      25.572
      252      25.638
      253      25.702
      254      25.765
      255      25.826
      256      25.886
      257      25.945
      258      26.002
      259      26.058
      260      26.112
      261      26.164
      262      26.215
      263      26.264
      264      26.311
      265      26.356
      266      26.399
      267      26.440
      268      26.479
      269      26.514
      270      26.547
