

  TXT                
        0       0.002
        1       0.009
        2       0.019
        3       0.032
        4       0.047
        5       0.063
        6       0.080
        7       0.100
        8       0.121
        9       0.143
       10       0.167
       11       0.191
       12       0.218
       13       0.245
       14       0.273
       15       0.303
       16       0.333
       17       0.365
       18       0.397
       19       0.431
       20       0.465
       21       0.500
       22       0.536
       23       0.572
       24       0.610
       25       0.648
       26       0.686
       27       0.726
       28       0.766
       29       0.806
       30       0.848
       31       0.890
       32       0.932
       33       0.975
       34       1.018
       35       1.062
       36       1.107
       37       1.152
       38       1.197
       39       1.243
       40       1.289
       41       1.336
       42       1.383
       43       1.430
       44       1.478
       45       1.526
       46       1.574
       47       1.623
       48       1.672
       49       1.722
       50       1.771
       51       1.821
       52       1.871
       53       1.921
       54       1.972
       55       2.023
       56       2.074
       57       2.125
       58       2.176
       59       2.227
       60       2.279
       61       2.331
       62       2.383
       63       2.434
       64       2.487
       65       2.539
       66       2.591
       67       2.643
       68       2.695
       69       2.748
       70       2.800
       71       2.852
       72       2.905
       73       2.957
       74       3.009
       75       3.062
       76       3.114
       77       3.166
       78       3.218
       79       3.270
       80       3.322
       81       3.374
       82       3.426
       83       3.477
       84       3.529
       85       3.580
       86       3.631
       87       3.682
       88       3.732
       89       3.783
       90       3.833
       91       3.883
       92       3.933
       93       3.982
       94       4.031
       95       4.080
       96       4.129
       97       4.177
       98       4.225
       99       4.272
      100       4.319
      101       4.366
      102       4.412
      103       4.458
      104       4.504
      105       4.549
      106       4.593
      107       4.637
      108       4.681
      109       4.723
      110       4.766
      111       4.808
      112       4.849
      113       4.889
      114       4.929
      115       4.969
      116       5.007
      117       5.045
      118       5.082
      119       5.118
      120       5.154
      121       5.188
      122       5.222
      123       5.254
      124       5.285
      125       5.316
      126       5.345
      127       5.373
      128       5.400
      129       5.425
      130       5.450
      131       5.473
      132       5.494
      133       5.515
      134       5.533
      135       5.550
      136       5.565
      137       5.578
      138       5.587
      139       5.593
