

  TXT                
        0       0.001
        1       0.005
        2       0.012
        3       0.023
        4       0.036
        5       0.051
        6       0.068
        7       0.087
        8       0.107
        9       0.128
       10       0.151
       11       0.175
       12       0.201
       13       0.227
       14       0.255
       15       0.284
       16       0.314
       17       0.345
       18       0.377
       19       0.409
       20       0.443
       21       0.477
       22       0.513
       23       0.549
       24       0.586
       25       0.623
       26       0.662
       27       0.700
       28       0.740
       29       0.780
       30       0.821
       31       0.863
       32       0.905
       33       0.947
       34       0.991
       35       1.034
       36       1.078
       37       1.123
       38       1.168
       39       1.214
       40       1.260
       41       1.306
       42       1.353
       43       1.400
       44       1.448
       45       1.495
       46       1.544
       47       1.592
       48       1.641
       49       1.690
       50       1.739
       51       1.789
       52       1.839
       53       1.889
       54       1.940
       55       1.990
       56       2.041
       57       2.092
       58       2.143
       59       2.195
       60       2.246
       61       2.298
       62       2.350
       63       2.401
       64       2.453
       65       2.506
       66       2.558
       67       2.610
       68       2.662
       69       2.714
       70       2.767
       71       2.819
       72       2.872
       73       2.924
       74       2.976
       75       3.029
       76       3.081
       77       3.133
       78       3.185
       79       3.237
       80       3.289
       81       3.341
       82       3.393
       83       3.444
       84       3.496
       85       3.547
       86       3.598
       87       3.649
       88       3.700
       89       3.751
       90       3.801
       91       3.851
       92       3.901
       93       3.951
       94       4.000
       95       4.049
       96       4.098
       97       4.146
       98       4.194
       99       4.242
      100       4.289
      101       4.336
      102       4.383
      103       4.429
      104       4.475
      105       4.520
      106       4.565
      107       4.609
      108       4.653
      109       4.696
      110       4.739
      111       4.781
      112       4.822
      113       4.863
      114       4.904
      115       4.943
      116       4.983
      117       5.021
      118       5.058
      119       5.095
      120       5.131
      121       5.166
      122       5.200
      123       5.233
      124       5.265
      125       5.296
      126       5.326
      127       5.355
      128       5.382
      129       5.408
      130       5.434
      131       5.457
      132       5.480
      133       5.501
      134       5.521
      135       5.539
      136       5.555
      137       5.568
      138       5.580
      139       5.588
      140       5.592
      141       5.593
