

  TXT                
        0       0.003
        1       0.010
        2       0.026
        3       0.048
        4       0.077
        5       0.111
        6       0.147
        7       0.187
        8       0.229
        9       0.273
       10       0.319
       11       0.367
       12       0.417
       13       0.469
       14       0.522
       15       0.577
       16       0.634
       17       0.692
       18       0.752
       19       0.813
       20       0.876
       21       0.940
       22       1.005
       23       1.072
       24       1.140
       25       1.210
       26       1.281
       27       1.353
       28       1.426
       29       1.500
       30       1.576
       31       1.652
       32       1.730
       33       1.809
       34       1.889
       35       1.970
       36       2.052
       37       2.135
       38       2.219
       39       2.304
       40       2.390
       41       2.477
       42       2.564
       43       2.653
       44       2.743
       45       2.833
       46       2.924
       47       3.016
       48       3.109
       49       3.203
       50       3.298
       51       3.393
       52       3.489
       53       3.586
       54       3.684
       55       3.782
       56       3.881
       57       3.981
       58       4.081
       59       4.182
       60       4.284
       61       4.386
       62       4.489
       63       4.593
       64       4.698
       65       4.802
       66       4.908
       67       5.014
       68       5.121
       69       5.228
       70       5.336
       71       5.444
       72       5.553
       73       5.663
       74       5.773
       75       5.883
       76       5.994
       77       6.106
       78       6.218
       79       6.330
       80       6.443
       81       6.557
       82       6.671
       83       6.785
       84       6.900
       85       7.015
       86       7.131
       87       7.247
       88       7.363
       89       7.480
       90       7.597
       91       7.715
       92       7.833
       93       7.952
       94       8.070
       95       8.190
       96       8.309
       97       8.429
       98       8.549
       99       8.670
      100       8.791
      101       8.912
      102       9.033
      103       9.155
      104       9.277
      105       9.400
      106       9.522
      107       9.645
      108       9.768
      109       9.891
      110      10.015
      111      10.139
      112      10.263
      113      10.387
      114      10.511
      115      10.636
      116      10.761
      117      10.886
      118      11.011
      119      11.136
      120      11.262
      121      11.387
      122      11.513
      123      11.639
      124      11.765
      125      11.891
      126      12.017
      127      12.143
      128      12.270
      129      12.396
      130      12.523
      131      12.650
      132      12.776
      133      12.903
      134      13.030
      135      13.156
      136      13.283
      137      13.410
      138      13.537
      139      13.663
      140      13.790
      141      13.917
      142      14.043
      143      14.170
      144      14.296
      145      14.423
      146      14.549
      147      14.675
      148      14.801
      149      14.927
      150      15.053
      151      15.179
      152      15.305
      153      15.430
      154      15.555
      155      15.681
      156      15.806
      157      15.931
      158      16.055
      159      16.180
      160      16.304
      161      16.428
      162      16.552
      163      16.676
      164      16.800
      165      16.923
      166      17.046
      167      17.169
      168      17.292
      169      17.414
      170      17.536
      171      17.658
      172      17.780
      173      17.901
      174      18.022
      175      18.143
      176      18.263
      177      18.383
      178      18.503
      179      18.622
      180      18.741
      181      18.860
      182      18.978
      183      19.096
      184      19.213
      185      19.330
      186      19.447
      187      19.563
      188      19.679
      189      19.794
      190      19.909
      191      20.024
      192      20.138
      193      20.251
      194      20.364
      195      20.477
      196      20.589
      197      20.701
      198      20.812
      199      20.922
      200      21.032
      201      21.142
      202      21.251
      203      21.359
      204      21.467
      205      21.574
      206      21.681
      207      21.787
      208      21.893
      209      21.998
      210      22.102
      211      22.206
      212      22.309
      213      22.411
      214      22.513
      215      22.614
      216      22.714
      217      22.814
      218      22.913
      219      23.011
      220      23.109
      221      23.206
      222      23.302
      223      23.397
      224      23.492
      225      23.586
      226      23.679
      227      23.771
      228      23.862
      229      23.953
      230      24.043
      231      24.131
      232      24.219
      233      24.307
      234      24.393
      235      24.478
      236      24.562
      237      24.646
      238      24.728
      239      24.809
      240      24.890
      241      24.969
      242      25.047
      243      25.124
      244      25.200
      245      25.275
      246      25.349
      247      25.421
      248      25.493
      249      25.563
      250      25.632
      251      25.699
      252      25.766
      253      25.830
      254      25.894
      255      25.956
      256      26.017
      257      26.076
      258      26.133
      259      26.189
      260      26.243
      261      26.296
      262      26.346
      263      26.394
      264      26.440
      265      26.484
      266      26.526
      267      26.565
      268      26.601
      269      26.634
      270      26.664
      271      26.690
