

  TXT                
        0       0.015
        1       0.038
        2       0.068
        3       0.103
        4       0.140
        5       0.179
        6       0.221
        7       0.266
        8       0.312
        9       0.360
       10       0.410
       11       0.462
       12       0.515
       13       0.571
       14       0.628
       15       0.686
       16       0.746
       17       0.807
       18       0.870
       19       0.935
       20       1.000
       21       1.067
       22       1.135
       23       1.205
       24       1.275
       25       1.347
       26       1.420
       27       1.494
       28       1.569
       29       1.645
       30       1.722
       31       1.801
       32       1.880
       33       1.960
       34       2.041
       35       2.123
       36       2.206
       37       2.291
       38       2.375
       39       2.461
       40       2.548
       41       2.636
       42       2.724
       43       2.813
       44       2.903
       45       2.994
       46       3.086
       47       3.178
       48       3.272
       49       3.366
       50       3.460
       51       3.556
       52       3.652
       53       3.749
       54       3.847
       55       3.945
       56       4.044
       57       4.144
       58       4.244
       59       4.345
       60       4.446
       61       4.549
       62       4.651
       63       4.755
       64       4.859
       65       4.963
       66       5.068
       67       5.174
       68       5.280
       69       5.387
       70       5.494
       71       5.602
       72       5.710
       73       5.819
       74       5.928
       75       6.038
       76       6.148
       77       6.259
       78       6.370
       79       6.482
       80       6.594
       81       6.707
       82       6.819
       83       6.933
       84       7.047
       85       7.161
       86       7.275
       87       7.390
       88       7.506
       89       7.621
       90       7.737
       91       7.854
       92       7.971
       93       8.088
       94       8.205
       95       8.323
       96       8.441
       97       8.560
       98       8.678
       99       8.797
      100       8.917
      101       9.036
      102       9.156
      103       9.276
      104       9.396
      105       9.517
      106       9.638
      107       9.759
      108       9.880
      109      10.002
      110      10.123
      111      10.245
      112      10.368
      113      10.490
      114      10.612
      115      10.735
      116      10.858
      117      10.981
      118      11.104
      119      11.227
      120      11.351
      121      11.474
      122      11.598
      123      11.722
      124      11.846
      125      11.970
      126      12.094
      127      12.218
      128      12.342
      129      12.466
      130      12.591
      131      12.715
      132      12.839
      133      12.964
      134      13.088
      135      13.213
      136      13.337
      137      13.461
      138      13.586
      139      13.710
      140      13.834
      141      13.959
      142      14.083
      143      14.207
      144      14.331
      145      14.455
      146      14.579
      147      14.703
      148      14.826
      149      14.950
      150      15.073
      151      15.197
      152      15.320
      153      15.443
      154      15.566
      155      15.689
      156      15.811
      157      15.933
      158      16.055
      159      16.177
      160      16.299
      161      16.420
      162      16.542
      163      16.663
      164      16.783
      165      16.904
      166      17.024
      167      17.144
      168      17.264
      169      17.383
      170      17.502
      171      17.621
      172      17.739
      173      17.857
      174      17.975
      175      18.093
      176      18.210
      177      18.327
      178      18.443
      179      18.559
      180      18.675
      181      18.791
      182      18.906
      183      19.020
      184      19.135
      185      19.249
      186      19.362
      187      19.475
      188      19.588
      189      19.700
      190      19.812
      191      19.923
      192      20.034
      193      20.144
      194      20.254
      195      20.364
      196      20.473
      197      20.581
      198      20.689
      199      20.797
      200      20.904
      201      21.010
      202      21.116
      203      21.221
      204      21.326
      205      21.430
      206      21.534
      207      21.637
      208      21.739
      209      21.841
      210      21.942
      211      22.043
      212      22.143
      213      22.242
      214      22.341
      215      22.439
      216      22.536
      217      22.633
      218      22.729
      219      22.824
      220      22.918
      221      23.012
      222      23.105
      223      23.197
      224      23.288
      225      23.379
      226      23.469
      227      23.558
      228      23.646
      229      23.734
      230      23.820
      231      23.906
      232      23.991
      233      24.075
      234      24.158
      235      24.240
      236      24.322
      237      24.402
      238      24.481
      239      24.560
      240      24.637
      241      24.714
      242      24.789
      243      24.864
      244      24.937
      245      25.009
      246      25.080
      247      25.150
      248      25.219
      249      25.287
      250      25.353
      251      25.418
      252      25.482
      253      25.544
      254      25.605
      255      25.665
      256      25.723
      257      25.779
      258      25.834
      259      25.888
      260      25.939
      261      25.989
      262      26.037
      263      26.083
      264      26.128
      265      26.170
      266      26.209
      267      26.246
      268      26.280
