

  TXT                
        0       0.001
        1       0.013
        2       0.033
        3       0.060
        4       0.091
        5       0.127
        6       0.167
        7       0.209
        8       0.255
        9       0.304
       10       0.356
       11       0.411
       12       0.468
       13       0.527
       14       0.588
       15       0.652
       16       0.718
       17       0.786
       18       0.856
       19       0.928
       20       1.002
       21       1.077
       22       1.155
       23       1.233
       24       1.314
       25       1.396
       26       1.480
       27       1.565
       28       1.652
       29       1.740
       30       1.829
       31       1.920
       32       2.012
       33       2.105
       34       2.200
       35       2.296
       36       2.393
       37       2.491
       38       2.591
       39       2.691
       40       2.793
       41       2.895
       42       2.999
       43       3.104
       44       3.209
       45       3.316
       46       3.424
       47       3.532
       48       3.642
       49       3.752
       50       3.863
       51       3.975
       52       4.088
       53       4.201
       54       4.316
       55       4.431
       56       4.547
       57       4.663
       58       4.780
       59       4.898
       60       5.017
       61       5.136
       62       5.256
       63       5.376
       64       5.497
       65       5.619
       66       5.741
       67       5.863
       68       5.986
       69       6.110
       70       6.234
       71       6.358
       72       6.483
       73       6.609
       74       6.735
       75       6.861
       76       6.987
       77       7.114
       78       7.241
       79       7.369
       80       7.497
       81       7.625
       82       7.754
       83       7.882
       84       8.011
       85       8.140
       86       8.270
       87       8.400
       88       8.529
       89       8.659
       90       8.790
       91       8.920
       92       9.050
       93       9.181
       94       9.312
       95       9.442
       96       9.573
       97       9.704
       98       9.835
       99       9.966
      100      10.097
      101      10.228
      102      10.359
      103      10.490
      104      10.621
      105      10.752
      106      10.883
      107      11.014
      108      11.144
      109      11.275
      110      11.405
      111      11.535
      112      11.665
      113      11.795
      114      11.925
      115      12.054
      116      12.183
      117      12.312
      118      12.441
      119      12.569
      120      12.697
      121      12.825
      122      12.953
      123      13.080
      124      13.207
      125      13.333
      126      13.459
      127      13.585
      128      13.710
      129      13.835
      130      13.959
      131      14.083
      132      14.207
      133      14.330
      134      14.452
      135      14.574
      136      14.696
      137      14.817
      138      14.937
      139      15.057
      140      15.176
      141      15.294
      142      15.412
      143      15.529
      144      15.646
      145      15.762
      146      15.877
      147      15.991
      148      16.105
      149      16.218
      150      16.330
      151      16.441
      152      16.551
      153      16.661
      154      16.770
      155      16.877
      156      16.984
      157      17.090
      158      17.195
      159      17.298
      160      17.401
      161      17.503
      162      17.604
      163      17.703
      164      17.802
      165      17.899
      166      17.995
      167      18.090
      168      18.184
      169      18.276
      170      18.367
      171      18.457
      172      18.546
      173      18.632
      174      18.718
      175      18.802
      176      18.885
      177      18.966
      178      19.045
      179      19.122
      180      19.198
      181      19.273
      182      19.345
      183      19.415
      184      19.484
      185      19.550
      186      19.615
      187      19.677
      188      19.737
      189      19.794
      190      19.849
      191      19.902
      192      19.951
      193      19.998
      194      20.042
      195      20.082
      196      20.118
      197      20.151
      198      20.178
      199      20.200
      200      20.213
