

  TXT                
        0       0.028
        1       0.053
        2       0.083
        3       0.118
        4       0.157
        5       0.199
        6       0.244
        7       0.292
        8       0.343
        9       0.397
       10       0.453
       11       0.511
       12       0.572
       13       0.635
       14       0.699
       15       0.766
       16       0.835
       17       0.905
       18       0.977
       19       1.051
       20       1.127
       21       1.204
       22       1.283
       23       1.363
       24       1.444
       25       1.527
       26       1.612
       27       1.697
       28       1.784
       29       1.873
       30       1.962
       31       2.053
       32       2.145
       33       2.238
       34       2.333
       35       2.429
       36       2.525
       37       2.623
       38       2.722
       39       2.822
       40       2.924
       41       3.026
       42       3.129
       43       3.233
       44       3.338
       45       3.444
       46       3.551
       47       3.659
       48       3.768
       49       3.877
       50       3.988
       51       4.099
       52       4.211
       53       4.324
       54       4.438
       55       4.552
       56       4.667
       57       4.783
       58       4.899
       59       5.017
       60       5.135
       61       5.253
       62       5.373
       63       5.493
       64       5.613
       65       5.734
       66       5.856
       67       5.979
       68       6.102
       69       6.225
       70       6.349
       71       6.474
       72       6.600
       73       6.726
       74       6.852
       75       6.979
       76       7.107
       77       7.235
       78       7.363
       79       7.492
       80       7.622
       81       7.752
       82       7.883
       83       8.014
       84       8.145
       85       8.277
       86       8.409
       87       8.542
       88       8.675
       89       8.809
       90       8.943
       91       9.078
       92       9.212
       93       9.348
       94       9.483
       95       9.619
       96       9.755
       97       9.892
       98      10.029
       99      10.166
      100      10.304
      101      10.442
      102      10.580
      103      10.719
      104      10.857
      105      10.996
      106      11.136
      107      11.275
      108      11.415
      109      11.555
      110      11.695
      111      11.836
      112      11.976
      113      12.117
      114      12.258
      115      12.400
      116      12.541
      117      12.683
      118      12.825
      119      12.966
      120      13.108
      121      13.251
      122      13.393
      123      13.535
      124      13.678
      125      13.821
      126      13.964
      127      14.106
      128      14.249
      129      14.392
      130      14.535
      131      14.679
      132      14.822
      133      14.965
      134      15.108
      135      15.252
      136      15.395
      137      15.539
      138      15.682
      139      15.825
      140      15.969
      141      16.112
      142      16.255
      143      16.399
      144      16.542
      145      16.685
      146      16.828
      147      16.972
      148      17.115
      149      17.258
      150      17.400
      151      17.543
      152      17.686
      153      17.829
      154      17.971
      155      18.113
      156      18.256
      157      18.398
      158      18.540
      159      18.681
      160      18.823
      161      18.964
      162      19.106
      163      19.247
      164      19.388
      165      19.528
      166      19.669
      167      19.809
      168      19.949
      169      20.089
      170      20.229
      171      20.368
      172      20.507
      173      20.646
      174      20.784
      175      20.923
      176      21.060
      177      21.198
      178      21.335
      179      21.472
      180      21.609
      181      21.745
      182      21.881
      183      22.017
      184      22.152
      185      22.287
      186      22.421
      187      22.555
      188      22.689
      189      22.822
      190      22.955
      191      23.087
      192      23.219
      193      23.351
      194      23.482
      195      23.612
      196      23.742
      197      23.871
      198      24.000
      199      24.129
      200      24.256
      201      24.384
      202      24.510
      203      24.636
      204      24.762
      205      24.887
      206      25.011
      207      25.135
      208      25.258
      209      25.381
      210      25.502
      211      25.624
      212      25.744
      213      25.864
      214      25.983
      215      26.102
      216      26.219
      217      26.336
      218      26.452
      219      26.568
      220      26.682
      221      26.796
      222      26.909
      223      27.021
      224      27.133
      225      27.243
      226      27.353
      227      27.461
      228      27.569
      229      27.676
      230      27.782
      231      27.887
      232      27.991
      233      28.094
      234      28.196
      235      28.297
      236      28.397
      237      28.496
      238      28.593
      239      28.690
      240      28.786
      241      28.880
      242      28.973
      243      29.066
      244      29.156
      245      29.246
      246      29.335
      247      29.422
      248      29.507
      249      29.592
      250      29.675
      251      29.757
      252      29.837
      253      29.916
      254      29.993
      255      30.069
      256      30.143
      257      30.216
      258      30.287
      259      30.356
      260      30.424
      261      30.490
      262      30.554
      263      30.616
      264      30.676
      265      30.734
      266      30.790
      267      30.844
      268      30.895
      269      30.944
      270      30.990
