

  TXT                
        0       0.031
        1       0.056
        2       0.087
        3       0.122
        4       0.161
        5       0.203
        6       0.248
        7       0.297
        8       0.348
        9       0.402
       10       0.458
       11       0.517
       12       0.578
       13       0.641
       14       0.706
       15       0.773
       16       0.842
       17       0.912
       18       0.985
       19       1.059
       20       1.134
       21       1.212
       22       1.290
       23       1.371
       24       1.452
       25       1.536
       26       1.620
       27       1.706
       28       1.793
       29       1.882
       30       1.971
       31       2.062
       32       2.155
       33       2.248
       34       2.343
       35       2.439
       36       2.535
       37       2.634
       38       2.733
       39       2.833
       40       2.934
       41       3.036
       42       3.140
       43       3.244
       44       3.349
       45       3.455
       46       3.562
       47       3.670
       48       3.779
       49       3.889
       50       3.999
       51       4.111
       52       4.223
       53       4.336
       54       4.450
       55       4.564
       56       4.679
       57       4.795
       58       4.912
       59       5.030
       60       5.148
       61       5.266
       62       5.386
       63       5.506
       64       5.627
       65       5.748
       66       5.870
       67       5.992
       68       6.116
       69       6.239
       70       6.364
       71       6.489
       72       6.614
       73       6.740
       74       6.867
       75       6.994
       76       7.122
       77       7.250
       78       7.379
       79       7.508
       80       7.638
       81       7.768
       82       7.899
       83       8.030
       84       8.162
       85       8.294
       86       8.426
       87       8.559
       88       8.693
       89       8.826
       90       8.960
       91       9.095
       92       9.230
       93       9.365
       94       9.501
       95       9.637
       96       9.773
       97       9.910
       98      10.047
       99      10.185
      100      10.322
      101      10.460
      102      10.599
      103      10.737
      104      10.876
      105      11.015
      106      11.155
      107      11.294
      108      11.434
      109      11.575
      110      11.715
      111      11.856
      112      11.996
      113      12.137
      114      12.279
      115      12.420
      116      12.562
      117      12.703
      118      12.845
      119      12.987
      120      13.129
      121      13.272
      122      13.414
      123      13.557
      124      13.700
      125      13.842
      126      13.985
      127      14.128
      128      14.272
      129      14.415
      130      14.558
      131      14.701
      132      14.845
      133      14.988
      134      15.132
      135      15.275
      136      15.419
      137      15.562
      138      15.706
      139      15.849
      140      15.993
      141      16.136
      142      16.280
      143      16.423
      144      16.567
      145      16.710
      146      16.853
      147      16.997
      148      17.140
      149      17.283
      150      17.426
      151      17.569
      152      17.712
      153      17.855
      154      17.997
      155      18.140
      156      18.282
      157      18.424
      158      18.566
      159      18.708
      160      18.850
      161      18.992
      162      19.133
      163      19.274
      164      19.415
      165      19.556
      166      19.697
      167      19.837
      168      19.978
      169      20.118
      170      20.257
      171      20.397
      172      20.536
      173      20.675
      174      20.814
      175      20.952
      176      21.090
      177      21.228
      178      21.365
      179      21.502
      180      21.639
      181      21.775
      182      21.912
      183      22.047
      184      22.183
      185      22.318
      186      22.452
      187      22.586
      188      22.720
      189      22.854
      190      22.986
      191      23.119
      192      23.251
      193      23.382
      194      23.514
      195      23.644
      196      23.774
      197      23.904
      198      24.033
      199      24.161
      200      24.289
      201      24.416
      202      24.543
      203      24.670
      204      24.795
      205      24.920
      206      25.045
      207      25.169
      208      25.292
      209      25.415
      210      25.537
      211      25.658
      212      25.779
      213      25.898
      214      26.018
      215      26.136
      216      26.254
      217      26.371
      218      26.487
      219      26.603
      220      26.718
      221      26.832
      222      26.945
      223      27.057
      224      27.169
      225      27.279
      226      27.389
      227      27.498
      228      27.606
      229      27.713
      230      27.819
      231      27.924
      232      28.028
      233      28.131
      234      28.234
      235      28.335
      236      28.435
      237      28.534
      238      28.632
      239      28.729
      240      28.825
      241      28.919
      242      29.013
      243      29.105
      244      29.196
      245      29.286
      246      29.375
      247      29.462
      248      29.548
      249      29.633
      250      29.716
      251      29.798
      252      29.878
      253      29.957
      254      30.035
      255      30.111
      256      30.186
      257      30.258
      258      30.330
      259      30.399
      260      30.467
      261      30.533
      262      30.597
      263      30.660
      264      30.720
      265      30.778
      266      30.834
      267      30.888
      268      30.940
      269      30.989
      270      31.036
      271      31.079
      272      31.120
