

  TXT                
        0       0.007
        1       0.024
        2       0.049
        3       0.080
        4       0.116
        5       0.155
        6       0.198
        7       0.244
        8       0.293
        9       0.345
       10       0.399
       11       0.455
       12       0.513
       13       0.574
       14       0.637
       15       0.701
       16       0.768
       17       0.836
       18       0.906
       19       0.977
       20       1.051
       21       1.125
       22       1.202
       23       1.279
       24       1.358
       25       1.439
       26       1.521
       27       1.604
       28       1.689
       29       1.774
       30       1.861
       31       1.949
       32       2.038
       33       2.128
       34       2.220
       35       2.312
       36       2.405
       37       2.500
       38       2.595
       39       2.691
       40       2.789
       41       2.887
       42       2.986
       43       3.086
       44       3.187
       45       3.289
       46       3.392
       47       3.495
       48       3.599
       49       3.705
       50       3.810
       51       3.917
       52       4.025
       53       4.133
       54       4.242
       55       4.352
       56       4.462
       57       4.573
       58       4.685
       59       4.798
       60       4.911
       61       5.025
       62       5.139
       63       5.255
       64       5.370
       65       5.487
       66       5.604
       67       5.722
       68       5.840
       69       5.959
       70       6.079
       71       6.199
       72       6.320
       73       6.441
       74       6.563
       75       6.685
       76       6.808
       77       6.931
       78       7.055
       79       7.179
       80       7.304
       81       7.429
       82       7.555
       83       7.681
       84       7.807
       85       7.934
       86       8.062
       87       8.190
       88       8.318
       89       8.447
       90       8.576
       91       8.705
       92       8.835
       93       8.965
       94       9.096
       95       9.227
       96       9.358
       97       9.490
       98       9.622
       99       9.754
      100       9.887
      101      10.020
      102      10.153
      103      10.287
      104      10.420
      105      10.555
      106      10.689
      107      10.824
      108      10.958
      109      11.094
      110      11.229
      111      11.365
      112      11.500
      113      11.637
      114      11.773
      115      11.909
      116      12.046
      117      12.183
      118      12.320
      119      12.457
      120      12.594
      121      12.732
      122      12.869
      123      13.007
      124      13.145
      125      13.283
      126      13.421
      127      13.560
      128      13.698
      129      13.836
      130      13.975
      131      14.114
      132      14.252
      133      14.391
      134      14.530
      135      14.669
      136      14.807
      137      14.946
      138      15.085
      139      15.224
      140      15.363
      141      15.502
      142      15.641
      143      15.780
      144      15.919
      145      16.057
      146      16.196
      147      16.335
      148      16.473
      149      16.612
      150      16.750
      151      16.889
      152      17.027
      153      17.165
      154      17.303
      155      17.441
      156      17.579
      157      17.716
      158      17.854
      159      17.991
      160      18.128
      161      18.265
      162      18.402
      163      18.539
      164      18.675
      165      18.811
      166      18.947
      167      19.083
      168      19.219
      169      19.354
      170      19.490
      171      19.624
      172      19.759
      173      19.894
      174      20.028
      175      20.162
      176      20.295
      177      20.429
      178      20.562
      179      20.694
      180      20.827
      181      20.959
      182      21.091
      183      21.222
      184      21.353
      185      21.484
      186      21.614
      187      21.744
      188      21.873
      189      22.002
      190      22.131
      191      22.259
      192      22.387
      193      22.514
      194      22.641
      195      22.768
      196      22.894
      197      23.019
      198      23.144
      199      23.268
      200      23.392
      201      23.515
      202      23.638
      203      23.760
      204      23.882
      205      24.003
      206      24.123
      207      24.243
      208      24.362
      209      24.481
      210      24.599
      211      24.716
      212      24.833
      213      24.949
      214      25.064
      215      25.178
      216      25.292
      217      25.405
      218      25.517
      219      25.629
      220      25.740
      221      25.850
      222      25.959
      223      26.068
      224      26.176
      225      26.282
      226      26.388
      227      26.494
      228      26.598
      229      26.702
      230      26.804
      231      26.906
      232      27.007
      233      27.106
      234      27.205
      235      27.303
      236      27.400
      237      27.496
      238      27.590
      239      27.684
      240      27.777
      241      27.868
      242      27.959
      243      28.048
      244      28.136
      245      28.223
      246      28.309
      247      28.394
      248      28.477
      249      28.559
      250      28.640
      251      28.719
      252      28.797
      253      28.874
      254      28.949
      255      29.023
      256      29.095
      257      29.165
      258      29.234
      259      29.301
      260      29.367
      261      29.431
      262      29.492
      263      29.552
      264      29.610
      265      29.666
      266      29.720
      267      29.772
      268      29.821
      269      29.868
      270      29.911
