

  TXT                
        0       0.021
        1       0.044
        2       0.072
        3       0.104
        4       0.141
        5       0.181
        6       0.224
        7       0.270
        8       0.319
        9       0.370
       10       0.424
       11       0.480
       12       0.538
       13       0.598
       14       0.660
       15       0.724
       16       0.790
       17       0.858
       18       0.927
       19       0.997
       20       1.070
       21       1.143
       22       1.219
       23       1.295
       24       1.373
       25       1.453
       26       1.534
       27       1.616
       28       1.699
       29       1.784
       30       1.869
       31       1.956
       32       2.044
       33       2.134
       34       2.224
       35       2.316
       36       2.408
       37       2.502
       38       2.597
       39       2.692
       40       2.789
       41       2.887
       42       2.985
       43       3.085
       44       3.185
       45       3.287
       46       3.389
       47       3.492
       48       3.596
       49       3.701
       50       3.806
       51       3.913
       52       4.020
       53       4.128
       54       4.237
       55       4.346
       56       4.457
       57       4.568
       58       4.680
       59       4.792
       60       4.905
       61       5.019
       62       5.134
       63       5.249
       64       5.365
       65       5.481
       66       5.598
       67       5.716
       68       5.834
       69       5.953
       70       6.072
       71       6.192
       72       6.313
       73       6.434
       74       6.555
       75       6.677
       76       6.800
       77       6.923
       78       7.046
       79       7.170
       80       7.295
       81       7.420
       82       7.545
       83       7.671
       84       7.797
       85       7.924
       86       8.051
       87       8.179
       88       8.307
       89       8.435
       90       8.564
       91       8.693
       92       8.822
       93       8.952
       94       9.082
       95       9.213
       96       9.343
       97       9.475
       98       9.606
       99       9.738
      100       9.870
      101      10.002
      102      10.135
      103      10.268
      104      10.401
      105      10.535
      106      10.669
      107      10.803
      108      10.937
      109      11.071
      110      11.206
      111      11.341
      112      11.476
      113      11.612
      114      11.747
      115      11.883
      116      12.019
      117      12.155
      118      12.291
      119      12.427
      120      12.564
      121      12.701
      122      12.837
      123      12.974
      124      13.111
      125      13.248
      126      13.386
      127      13.523
      128      13.660
      129      13.798
      130      13.935
      131      14.073
      132      14.211
      133      14.348
      134      14.486
      135      14.624
      136      14.761
      137      14.899
      138      15.037
      139      15.175
      140      15.312
      141      15.450
      142      15.588
      143      15.725
      144      15.863
      145      16.001
      146      16.138
      147      16.276
      148      16.413
      149      16.550
      150      16.687
      151      16.824
      152      16.961
      153      17.098
      154      17.235
      155      17.372
      156      17.508
      157      17.645
      158      17.781
      159      17.917
      160      18.053
      161      18.188
      162      18.324
      163      18.459
      164      18.594
      165      18.729
      166      18.864
      167      18.998
      168      19.133
      169      19.267
      170      19.401
      171      19.534
      172      19.668
      173      19.801
      174      19.934
      175      20.066
      176      20.198
      177      20.330
      178      20.462
      179      20.593
      180      20.724
      181      20.855
      182      20.986
      183      21.116
      184      21.245
      185      21.375
      186      21.504
      187      21.632
      188      21.760
      189      21.888
      190      22.015
      191      22.142
      192      22.269
      193      22.395
      194      22.521
      195      22.646
      196      22.770
      197      22.894
      198      23.018
      199      23.141
      200      23.264
      201      23.386
      202      23.508
      203      23.629
      204      23.749
      205      23.869
      206      23.988
      207      24.107
      208      24.225
      209      24.343
      210      24.460
      211      24.576
      212      24.692
      213      24.807
      214      24.921
      215      25.035
      216      25.148
      217      25.260
      218      25.372
      219      25.483
      220      25.593
      221      25.702
      222      25.811
      223      25.919
      224      26.026
      225      26.132
      226      26.238
      227      26.343
      228      26.446
      229      26.549
      230      26.651
      231      26.752
      232      26.853
      233      26.952
      234      27.050
      235      27.148
      236      27.244
      237      27.339
      238      27.434
      239      27.527
      240      27.620
      241      27.711
      242      27.801
      243      27.890
      244      27.978
      245      28.065
      246      28.151
      247      28.235
      248      28.318
      249      28.400
      250      28.481
      251      28.560
      252      28.638
      253      28.715
      254      28.790
      255      28.864
      256      28.936
      257      29.007
      258      29.077
      259      29.144
      260      29.210
      261      29.275
      262      29.338
      263      29.398
      264      29.457
      265      29.515
      266      29.570
      267      29.623
      268      29.674
      269      29.722
      270      29.768
      271      29.812
      272      29.853
