

  TXT                
        0       0.268
        1       0.307
        2       0.347
        3       0.389
        4       0.432
        5       0.477
        6       0.523
        7       0.571
        8       0.620
        9       0.671
       10       0.723
       11       0.776
       12       0.830
       13       0.885
       14       0.942
       15       0.999
       16       1.058
       17       1.117
       18       1.178
       19       1.239
       20       1.302
       21       1.365
       22       1.429
       23       1.494
       24       1.559
       25       1.626
       26       1.693
       27       1.761
       28       1.829
       29       1.898
       30       1.968
       31       2.038
       32       2.109
       33       2.181
       34       2.253
       35       2.326
       36       2.399
       37       2.473
       38       2.547
       39       2.622
       40       2.697
       41       2.773
       42       2.849
       43       2.925
       44       3.002
       45       3.080
       46       3.157
       47       3.235
       48       3.313
       49       3.392
       50       3.471
       51       3.550
       52       3.630
       53       3.709
       54       3.789
       55       3.869
       56       3.950
       57       4.030
       58       4.111
       59       4.192
       60       4.273
       61       4.354
       62       4.435
       63       4.517
       64       4.598
       65       4.680
       66       4.762
       67       4.843
       68       4.925
       69       5.007
       70       5.089
       71       5.170
       72       5.252
       73       5.334
       74       5.415
       75       5.497
       76       5.578
       77       5.659
       78       5.740
       79       5.821
       80       5.902
       81       5.983
       82       6.064
       83       6.144
       84       6.224
       85       6.304
       86       6.384
       87       6.463
       88       6.543
       89       6.622
       90       6.700
       91       6.779
       92       6.857
       93       6.934
       94       7.012
       95       7.088
       96       7.165
       97       7.241
       98       7.317
       99       7.392
      100       7.467
      101       7.541
      102       7.615
      103       7.689
      104       7.762
      105       7.834
      106       7.906
      107       7.977
      108       8.048
      109       8.118
      110       8.187
      111       8.256
      112       8.324
      113       8.392
      114       8.458
      115       8.524
      116       8.589
      117       8.654
      118       8.717
      119       8.780
      120       8.842
      121       8.902
      122       8.962
      123       9.021
      124       9.080
      125       9.137
      126       9.193
      127       9.248
      128       9.301
      129       9.354
      130       9.406
      131       9.456
      132       9.505
      133       9.553
      134       9.599
      135       9.644
      136       9.688
      137       9.730
      138       9.770
      139       9.809
      140       9.846
      141       9.880
      142       9.913
      143       9.943
      144       9.970
      145       9.995
      146      10.015
      147      10.031
      148      10.039
      149      10.042
      150      10.043
      151      10.044
      152      10.044
      153      10.044
