

  TXT                
        0       0.024
        1       0.036
        2       0.054
        3       0.075
        4       0.101
        5       0.131
        6       0.165
        7       0.201
        8       0.241
        9       0.282
       10       0.326
       11       0.372
       12       0.420
       13       0.470
       14       0.522
       15       0.575
       16       0.630
       17       0.687
       18       0.745
       19       0.804
       20       0.865
       21       0.928
       22       0.992
       23       1.057
       24       1.124
       25       1.192
       26       1.261
       27       1.331
       28       1.403
       29       1.475
       30       1.549
       31       1.624
       32       1.700
       33       1.778
       34       1.856
       35       1.935
       36       2.016
       37       2.097
       38       2.179
       39       2.263
       40       2.347
       41       2.432
       42       2.518
       43       2.605
       44       2.692
       45       2.781
       46       2.870
       47       2.960
       48       3.051
       49       3.143
       50       3.236
       51       3.329
       52       3.423
       53       3.518
       54       3.613
       55       3.709
       56       3.806
       57       3.904
       58       4.002
       59       4.101
       60       4.200
       61       4.301
       62       4.402
       63       4.503
       64       4.605
       65       4.708
       66       4.811
       67       4.915
       68       5.019
       69       5.124
       70       5.230
       71       5.336
       72       5.442
       73       5.550
       74       5.657
       75       5.765
       76       5.874
       77       5.983
       78       6.093
       79       6.203
       80       6.314
       81       6.425
       82       6.536
       83       6.648
       84       6.761
       85       6.873
       86       6.987
       87       7.100
       88       7.214
       89       7.329
       90       7.444
       91       7.559
       92       7.675
       93       7.791
       94       7.907
       95       8.024
       96       8.141
       97       8.258
       98       8.376
       99       8.494
      100       8.612
      101       8.731
      102       8.850
      103       8.969
      104       9.089
      105       9.209
      106       9.329
      107       9.449
      108       9.570
      109       9.691
      110       9.812
      111       9.933
      112      10.055
      113      10.177
      114      10.299
      115      10.421
      116      10.544
      117      10.666
      118      10.789
      119      10.912
      120      11.035
      121      11.158
      122      11.282
      123      11.405
      124      11.529
      125      11.652
      126      11.776
      127      11.900
      128      12.024
      129      12.148
      130      12.272
      131      12.396
      132      12.520
      133      12.645
      134      12.769
      135      12.893
      136      13.017
      137      13.141
      138      13.266
      139      13.390
      140      13.514
      141      13.638
      142      13.762
      143      13.886
      144      14.010
      145      14.134
      146      14.258
      147      14.382
      148      14.505
      149      14.629
      150      14.752
      151      14.876
      152      14.999
      153      15.122
      154      15.245
      155      15.368
      156      15.491
      157      15.613
      158      15.736
      159      15.858
      160      15.980
      161      16.102
      162      16.224
      163      16.345
      164      16.467
      165      16.588
      166      16.709
      167      16.830
      168      16.950
      169      17.070
      170      17.190
      171      17.310
      172      17.430
      173      17.549
      174      17.668
      175      17.787
      176      17.905
      177      18.024
      178      18.141
      179      18.259
      180      18.376
      181      18.493
      182      18.610
      183      18.726
      184      18.842
      185      18.957
      186      19.072
      187      19.187
      188      19.301
      189      19.415
      190      19.529
      191      19.642
      192      19.755
      193      19.867
      194      19.979
      195      20.090
      196      20.201
      197      20.311
      198      20.421
      199      20.531
      200      20.640
      201      20.748
      202      20.856
      203      20.963
      204      21.070
      205      21.177
      206      21.282
      207      21.388
      208      21.492
      209      21.596
      210      21.700
      211      21.803
      212      21.905
      213      22.007
      214      22.108
      215      22.208
      216      22.308
      217      22.408
      218      22.506
      219      22.604
      220      22.701
      221      22.798
      222      22.894
      223      22.989
      224      23.083
      225      23.177
      226      23.270
      227      23.362
      228      23.454
      229      23.545
      230      23.634
      231      23.724
      232      23.812
      233      23.900
      234      23.986
      235      24.072
      236      24.157
      237      24.241
      238      24.324
      239      24.406
      240      24.488
      241      24.568
      242      24.647
      243      24.725
      244      24.803
      245      24.879
      246      24.954
      247      25.028
      248      25.101
      249      25.172
      250      25.243
      251      25.312
      252      25.380
      253      25.447
      254      25.512
      255      25.576
      256      25.639
      257      25.700
      258      25.760
      259      25.818
      260      25.875
      261      25.930
      262      25.984
      263      26.036
      264      26.086
      265      26.134
      266      26.180
      267      26.224
      268      26.265
      269      26.304
      270      26.341
      271      26.375
