

  TXT                
        0       0.001
        1       0.007
        2       0.020
        3       0.040
        4       0.065
        5       0.095
        6       0.128
        7       0.164
        8       0.202
        9       0.243
       10       0.285
       11       0.330
       12       0.376
       13       0.425
       14       0.475
       15       0.527
       16       0.580
       17       0.635
       18       0.692
       19       0.750
       20       0.810
       21       0.871
       22       0.933
       23       0.997
       24       1.063
       25       1.129
       26       1.197
       27       1.266
       28       1.336
       29       1.408
       30       1.480
       31       1.554
       32       1.629
       33       1.705
       34       1.782
       35       1.859
       36       1.938
       37       2.018
       38       2.099
       39       2.181
       40       2.264
       41       2.348
       42       2.432
       43       2.518
       44       2.604
       45       2.691
       46       2.779
       47       2.868
       48       2.958
       49       3.048
       50       3.140
       51       3.232
       52       3.324
       53       3.418
       54       3.512
       55       3.607
       56       3.702
       57       3.799
       58       3.896
       59       3.993
       60       4.091
       61       4.190
       62       4.290
       63       4.390
       64       4.491
       65       4.592
       66       4.694
       67       4.796
       68       4.899
       69       5.003
       70       5.107
       71       5.212
       72       5.317
       73       5.423
       74       5.529
       75       5.635
       76       5.743
       77       5.850
       78       5.959
       79       6.067
       80       6.177
       81       6.286
       82       6.396
       83       6.507
       84       6.618
       85       6.729
       86       6.841
       87       6.953
       88       7.065
       89       7.178
       90       7.292
       91       7.405
       92       7.520
       93       7.634
       94       7.749
       95       7.864
       96       7.979
       97       8.095
       98       8.211
       99       8.328
      100       8.445
      101       8.562
      102       8.679
      103       8.797
      104       8.915
      105       9.033
      106       9.152
      107       9.270
      108       9.389
      109       9.509
      110       9.628
      111       9.748
      112       9.868
      113       9.988
      114      10.108
      115      10.229
      116      10.350
      117      10.471
      118      10.592
      119      10.713
      120      10.835
      121      10.956
      122      11.078
      123      11.200
      124      11.322
      125      11.444
      126      11.566
      127      11.689
      128      11.811
      129      11.934
      130      12.056
      131      12.179
      132      12.302
      133      12.425
      134      12.547
      135      12.670
      136      12.793
      137      12.916
      138      13.039
      139      13.162
      140      13.285
      141      13.408
      142      13.531
      143      13.654
      144      13.777
      145      13.899
      146      14.022
      147      14.145
      148      14.267
      149      14.390
      150      14.512
      151      14.635
      152      14.757
      153      14.879
      154      15.001
      155      15.123
      156      15.244
      157      15.366
      158      15.487
      159      15.608
      160      15.730
      161      15.850
      162      15.971
      163      16.092
      164      16.212
      165      16.332
      166      16.452
      167      16.572
      168      16.691
      169      16.810
      170      16.929
      171      17.048
      172      17.167
      173      17.285
      174      17.403
      175      17.521
      176      17.638
      177      17.755
      178      17.872
      179      17.989
      180      18.105
      181      18.221
      182      18.337
      183      18.452
      184      18.567
      185      18.682
      186      18.796
      187      18.910
      188      19.024
      189      19.137
      190      19.250
      191      19.362
      192      19.474
      193      19.586
      194      19.697
      195      19.808
      196      19.918
      197      20.028
      198      20.137
      199      20.246
      200      20.354
      201      20.462
      202      20.570
      203      20.677
      204      20.783
      205      20.889
      206      20.994
      207      21.099
      208      21.203
      209      21.307
      210      21.410
      211      21.513
      212      21.615
      213      21.716
      214      21.817
      215      21.917
      216      22.016
      217      22.115
      218      22.213
      219      22.311
      220      22.408
      221      22.504
      222      22.599
      223      22.694
      224      22.788
      225      22.882
      226      22.974
      227      23.066
      228      23.158
      229      23.248
      230      23.338
      231      23.427
      232      23.515
      233      23.602
      234      23.688
      235      23.774
      236      23.859
      237      23.942
      238      24.025
      239      24.108
      240      24.189
      241      24.269
      242      24.348
      243      24.426
      244      24.504
      245      24.580
      246      24.655
      247      24.729
      248      24.802
      249      24.874
      250      24.945
      251      25.015
      252      25.083
      253      25.151
      254      25.217
      255      25.282
      256      25.345
      257      25.408
      258      25.469
      259      25.528
      260      25.587
      261      25.643
      262      25.699
      263      25.752
      264      25.804
      265      25.855
      266      25.904
      267      25.950
      268      25.995
      269      26.038
      270      26.078
      271      26.116
      272      26.152
      273      26.185
      274      26.214
      275      26.240
