

  TXT                
        0       0.001
        1       0.011
        2       0.030
        3       0.053
        4       0.080
        5       0.111
        6       0.145
        7       0.182
        8       0.222
        9       0.264
       10       0.308
       11       0.355
       12       0.404
       13       0.454
       14       0.506
       15       0.560
       16       0.616
       17       0.673
       18       0.732
       19       0.792
       20       0.854
       21       0.917
       22       0.982
       23       1.048
       24       1.115
       25       1.183
       26       1.253
       27       1.324
       28       1.396
       29       1.470
       30       1.544
       31       1.620
       32       1.697
       33       1.775
       34       1.854
       35       1.934
       36       2.015
       37       2.097
       38       2.180
       39       2.264
       40       2.349
       41       2.435
       42       2.522
       43       2.610
       44       2.698
       45       2.788
       46       2.878
       47       2.969
       48       3.061
       49       3.154
       50       3.248
       51       3.342
       52       3.437
       53       3.533
       54       3.630
       55       3.727
       56       3.825
       57       3.924
       58       4.024
       59       4.124
       60       4.225
       61       4.326
       62       4.429
       63       4.532
       64       4.635
       65       4.739
       66       4.844
       67       4.949
       68       5.055
       69       5.161
       70       5.268
       71       5.376
       72       5.484
       73       5.593
       74       5.702
       75       5.811
       76       5.921
       77       6.032
       78       6.143
       79       6.255
       80       6.367
       81       6.479
       82       6.592
       83       6.706
       84       6.820
       85       6.934
       86       7.048
       87       7.164
       88       7.279
       89       7.395
       90       7.511
       91       7.628
       92       7.745
       93       7.862
       94       7.980
       95       8.098
       96       8.216
       97       8.335
       98       8.454
       99       8.574
      100       8.693
      101       8.813
      102       8.934
      103       9.054
      104       9.175
      105       9.296
      106       9.418
      107       9.539
      108       9.661
      109       9.783
      110       9.906
      111      10.028
      112      10.151
      113      10.274
      114      10.397
      115      10.521
      116      10.644
      117      10.768
      118      10.892
      119      11.016
      120      11.141
      121      11.265
      122      11.390
      123      11.514
      124      11.639
      125      11.764
      126      11.889
      127      12.014
      128      12.140
      129      12.265
      130      12.390
      131      12.516
      132      12.641
      133      12.767
      134      12.893
      135      13.018
      136      13.144
      137      13.270
      138      13.395
      139      13.521
      140      13.647
      141      13.772
      142      13.898
      143      14.023
      144      14.149
      145      14.274
      146      14.400
      147      14.525
      148      14.650
      149      14.775
      150      14.900
      151      15.025
      152      15.150
      153      15.275
      154      15.400
      155      15.524
      156      15.648
      157      15.772
      158      15.896
      159      16.020
      160      16.144
      161      16.267
      162      16.391
      163      16.514
      164      16.637
      165      16.759
      166      16.882
      167      17.004
      168      17.126
      169      17.248
      170      17.369
      171      17.490
      172      17.611
      173      17.732
      174      17.852
      175      17.972
      176      18.092
      177      18.211
      178      18.330
      179      18.449
      180      18.567
      181      18.685
      182      18.803
      183      18.920
      184      19.037
      185      19.154
      186      19.270
      187      19.386
      188      19.501
      189      19.616
      190      19.731
      191      19.845
      192      19.959
      193      20.072
      194      20.185
      195      20.297
      196      20.409
      197      20.520
      198      20.631
      199      20.742
      200      20.852
      201      20.961
      202      21.070
      203      21.179
      204      21.287
      205      21.394
      206      21.501
      207      21.607
      208      21.713
      209      21.818
      210      21.923
      211      22.027
      212      22.130
      213      22.233
      214      22.335
      215      22.437
      216      22.538
      217      22.638
      218      22.738
      219      22.837
      220      22.935
      221      23.033
      222      23.129
      223      23.226
      224      23.321
      225      23.416
      226      23.509
      227      23.602
      228      23.695
      229      23.786
      230      23.877
      231      23.967
      232      24.056
      233      24.144
      234      24.231
      235      24.317
      236      24.403
      237      24.487
      238      24.571
      239      24.654
      240      24.735
      241      24.816
      242      24.896
      243      24.975
      244      25.052
      245      25.129
      246      25.204
      247      25.278
      248      25.352
      249      25.424
      250      25.494
      251      25.564
      252      25.632
      253      25.699
      254      25.765
      255      25.829
      256      25.892
      257      25.954
      258      26.014
      259      26.072
      260      26.129
      261      26.185
      262      26.239
      263      26.291
      264      26.341
      265      26.390
      266      26.436
      267      26.481
      268      26.523
      269      26.562
      270      26.599
      271      26.633
      272      26.664
      273      26.691
