

  TXT                
        0       0.014
        1       0.026
        2       0.042
        3       0.061
        4       0.083
        5       0.109
        6       0.139
        7       0.173
        8       0.209
        9       0.247
       10       0.288
       11       0.330
       12       0.374
       13       0.420
       14       0.468
       15       0.518
       16       0.569
       17       0.622
       18       0.676
       19       0.732
       20       0.789
       21       0.847
       22       0.907
       23       0.968
       24       1.031
       25       1.094
       26       1.159
       27       1.226
       28       1.293
       29       1.361
       30       1.431
       31       1.502
       32       1.573
       33       1.646
       34       1.720
       35       1.795
       36       1.871
       37       1.947
       38       2.025
       39       2.103
       40       2.183
       41       2.263
       42       2.344
       43       2.426
       44       2.509
       45       2.592
       46       2.676
       47       2.762
       48       2.847
       49       2.934
       50       3.022
       51       3.110
       52       3.199
       53       3.288
       54       3.378
       55       3.469
       56       3.561
       57       3.653
       58       3.746
       59       3.840
       60       3.934
       61       4.029
       62       4.125
       63       4.221
       64       4.318
       65       4.415
       66       4.513
       67       4.611
       68       4.710
       69       4.810
       70       4.910
       71       5.011
       72       5.112
       73       5.213
       74       5.316
       75       5.418
       76       5.522
       77       5.625
       78       5.729
       79       5.834
       80       5.939
       81       6.044
       82       6.150
       83       6.257
       84       6.364
       85       6.471
       86       6.578
       87       6.686
       88       6.795
       89       6.904
       90       7.013
       91       7.122
       92       7.232
       93       7.343
       94       7.453
       95       7.564
       96       7.676
       97       7.787
       98       7.899
       99       8.012
      100       8.124
      101       8.237
      102       8.351
      103       8.464
      104       8.578
      105       8.692
      106       8.807
      107       8.922
      108       9.037
      109       9.152
      110       9.267
      111       9.383
      112       9.499
      113       9.616
      114       9.732
      115       9.849
      116       9.966
      117      10.083
      118      10.200
      119      10.318
      120      10.435
      121      10.553
      122      10.671
      123      10.789
      124      10.907
      125      11.026
      126      11.144
      127      11.263
      128      11.381
      129      11.500
      130      11.619
      131      11.737
      132      11.856
      133      11.975
      134      12.094
      135      12.213
      136      12.332
      137      12.451
      138      12.570
      139      12.689
      140      12.808
      141      12.927
      142      13.046
      143      13.165
      144      13.284
      145      13.403
      146      13.521
      147      13.640
      148      13.758
      149      13.877
      150      13.995
      151      14.113
      152      14.231
      153      14.349
      154      14.467
      155      14.585
      156      14.702
      157      14.819
      158      14.937
      159      15.054
      160      15.170
      161      15.287
      162      15.404
      163      15.520
      164      15.636
      165      15.752
      166      15.867
      167      15.982
      168      16.098
      169      16.212
      170      16.327
      171      16.441
      172      16.556
      173      16.669
      174      16.783
      175      16.896
      176      17.009
      177      17.122
      178      17.234
      179      17.346
      180      17.458
      181      17.570
      182      17.681
      183      17.792
      184      17.902
      185      18.012
      186      18.122
      187      18.231
      188      18.340
      189      18.449
      190      18.557
      191      18.665
      192      18.772
      193      18.879
      194      18.986
      195      19.092
      196      19.198
      197      19.303
      198      19.408
      199      19.513
      200      19.617
      201      19.721
      202      19.824
      203      19.927
      204      20.029
      205      20.131
      206      20.232
      207      20.332
      208      20.433
      209      20.532
      210      20.632
      211      20.730
      212      20.828
      213      20.926
      214      21.023
      215      21.119
      216      21.215
      217      21.310
      218      21.405
      219      21.499
      220      21.592
      221      21.685
      222      21.777
      223      21.868
      224      21.959
      225      22.049
      226      22.138
      227      22.227
      228      22.315
      229      22.402
      230      22.488
      231      22.574
      232      22.659
      233      22.743
      234      22.826
      235      22.908
      236      22.990
      237      23.070
      238      23.150
      239      23.229
      240      23.307
      241      23.383
      242      23.459
      243      23.534
      244      23.608
      245      23.681
      246      23.753
      247      23.824
      248      23.893
      249      23.962
      250      24.030
      251      24.096
      252      24.161
      253      24.225
      254      24.288
      255      24.350
      256      24.410
      257      24.469
      258      24.526
      259      24.582
      260      24.637
      261      24.690
      262      24.742
      263      24.792
      264      24.840
      265      24.886
      266      24.931
      267      24.974
      268      25.015
      269      25.054
      270      25.090
      271      25.124
      272      25.156
      273      25.184
      274      25.210
      275      25.230
