

  TXT                
        0       0.014
        1       0.031
        2       0.055
        3       0.084
        4       0.116
        5       0.151
        6       0.189
        7       0.230
        8       0.274
        9       0.321
       10       0.369
       11       0.420
       12       0.473
       13       0.527
       14       0.583
       15       0.641
       16       0.700
       17       0.761
       18       0.823
       19       0.887
       20       0.952
       21       1.018
       22       1.086
       23       1.155
       24       1.225
       25       1.297
       26       1.369
       27       1.443
       28       1.519
       29       1.595
       30       1.672
       31       1.751
       32       1.830
       33       1.911
       34       1.993
       35       2.076
       36       2.160
       37       2.244
       38       2.330
       39       2.417
       40       2.505
       41       2.594
       42       2.684
       43       2.774
       44       2.866
       45       2.958
       46       3.051
       47       3.145
       48       3.240
       49       3.336
       50       3.432
       51       3.530
       52       3.628
       53       3.726
       54       3.826
       55       3.926
       56       4.027
       57       4.128
       58       4.231
       59       4.334
       60       4.437
       61       4.542
       62       4.647
       63       4.752
       64       4.858
       65       4.965
       66       5.073
       67       5.181
       68       5.289
       69       5.398
       70       5.508
       71       5.618
       72       5.729
       73       5.841
       74       5.953
       75       6.065
       76       6.178
       77       6.291
       78       6.405
       79       6.519
       80       6.634
       81       6.749
       82       6.865
       83       6.981
       84       7.098
       85       7.215
       86       7.332
       87       7.450
       88       7.568
       89       7.687
       90       7.806
       91       7.925
       92       8.045
       93       8.165
       94       8.286
       95       8.407
       96       8.528
       97       8.649
       98       8.771
       99       8.893
      100       9.016
      101       9.139
      102       9.262
      103       9.386
      104       9.509
      105       9.633
      106       9.758
      107       9.882
      108      10.007
      109      10.132
      110      10.258
      111      10.383
      112      10.509
      113      10.635
      114      10.761
      115      10.888
      116      11.014
      117      11.141
      118      11.268
      119      11.396
      120      11.523
      121      11.650
      122      11.778
      123      11.906
      124      12.034
      125      12.162
      126      12.291
      127      12.419
      128      12.547
      129      12.676
      130      12.805
      131      12.934
      132      13.063
      133      13.192
      134      13.321
      135      13.450
      136      13.579
      137      13.708
      138      13.837
      139      13.967
      140      14.096
      141      14.225
      142      14.354
      143      14.483
      144      14.612
      145      14.741
      146      14.869
      147      14.998
      148      15.126
      149      15.255
      150      15.383
      151      15.511
      152      15.639
      153      15.766
      154      15.894
      155      16.021
      156      16.149
      157      16.276
      158      16.402
      159      16.529
      160      16.655
      161      16.782
      162      16.908
      163      17.033
      164      17.159
      165      17.284
      166      17.409
      167      17.534
      168      17.659
      169      17.783
      170      17.907
      171      18.030
      172      18.154
      173      18.277
      174      18.400
      175      18.522
      176      18.645
      177      18.767
      178      18.888
      179      19.009
      180      19.130
      181      19.251
      182      19.371
      183      19.491
      184      19.610
      185      19.729
      186      19.848
      187      19.966
      188      20.084
      189      20.202
      190      20.319
      191      20.435
      192      20.551
      193      20.667
      194      20.782
      195      20.897
      196      21.011
      197      21.125
      198      21.239
      199      21.352
      200      21.464
      201      21.576
      202      21.687
      203      21.798
      204      21.908
      205      22.018
      206      22.127
      207      22.236
      208      22.344
      209      22.451
      210      22.558
      211      22.664
      212      22.769
      213      22.874
      214      22.978
      215      23.082
      216      23.185
      217      23.287
      218      23.388
      219      23.489
      220      23.589
      221      23.688
      222      23.787
      223      23.884
      224      23.981
      225      24.077
      226      24.173
      227      24.267
      228      24.361
      229      24.454
      230      24.546
      231      24.637
      232      24.727
      233      24.816
      234      24.905
      235      24.992
      236      25.079
      237      25.164
      238      25.249
      239      25.332
      240      25.415
      241      25.496
      242      25.576
      243      25.656
      244      25.734
      245      25.811
      246      25.887
      247      25.961
      248      26.035
      249      26.107
      250      26.178
      251      26.248
      252      26.317
      253      26.384
      254      26.450
      255      26.514
      256      26.577
      257      26.639
      258      26.699
      259      26.757
      260      26.814
      261      26.869
      262      26.923
      263      26.974
      264      27.024
      265      27.071
      266      27.117
      267      27.160
      268      27.201
      269      27.239
