

  TXT                
        0       0.050
        1       0.078
        2       0.110
        3       0.145
        4       0.182
        5       0.222
        6       0.264
        7       0.308
        8       0.355
        9       0.403
       10       0.453
       11       0.505
       12       0.559
       13       0.615
       14       0.672
       15       0.731
       16       0.792
       17       0.854
       18       0.918
       19       0.983
       20       1.050
       21       1.118
       22       1.188
       23       1.260
       24       1.333
       25       1.407
       26       1.482
       27       1.558
       28       1.635
       29       1.714
       30       1.793
       31       1.874
       32       1.955
       33       2.037
       34       2.120
       35       2.204
       36       2.289
       37       2.375
       38       2.461
       39       2.549
       40       2.637
       41       2.726
       42       2.816
       43       2.906
       44       2.998
       45       3.090
       46       3.183
       47       3.277
       48       3.372
       49       3.467
       50       3.563
       51       3.660
       52       3.757
       53       3.856
       54       3.954
       55       4.054
       56       4.154
       57       4.255
       58       4.357
       59       4.459
       60       4.562
       61       4.666
       62       4.770
       63       4.875
       64       4.980
       65       5.086
       66       5.193
       67       5.300
       68       5.408
       69       5.516
       70       5.625
       71       5.734
       72       5.844
       73       5.954
       74       6.065
       75       6.176
       76       6.288
       77       6.400
       78       6.513
       79       6.626
       80       6.739
       81       6.853
       82       6.968
       83       7.083
       84       7.198
       85       7.313
       86       7.429
       87       7.546
       88       7.662
       89       7.779
       90       7.897
       91       8.015
       92       8.133
       93       8.251
       94       8.370
       95       8.490
       96       8.609
       97       8.729
       98       8.849
       99       8.970
      100       9.090
      101       9.212
      102       9.333
      103       9.455
      104       9.577
      105       9.699
      106       9.821
      107       9.944
      108      10.067
      109      10.190
      110      10.313
      111      10.437
      112      10.561
      113      10.685
      114      10.809
      115      10.933
      116      11.058
      117      11.183
      118      11.308
      119      11.433
      120      11.558
      121      11.683
      122      11.809
      123      11.935
      124      12.061
      125      12.186
      126      12.313
      127      12.439
      128      12.565
      129      12.691
      130      12.818
      131      12.944
      132      13.071
      133      13.197
      134      13.324
      135      13.450
      136      13.577
      137      13.703
      138      13.829
      139      13.956
      140      14.082
      141      14.208
      142      14.334
      143      14.460
      144      14.586
      145      14.711
      146      14.837
      147      14.963
      148      15.088
      149      15.213
      150      15.338
      151      15.463
      152      15.587
      153      15.712
      154      15.836
      155      15.960
      156      16.084
      157      16.208
      158      16.332
      159      16.455
      160      16.578
      161      16.701
      162      16.824
      163      16.946
      164      17.068
      165      17.190
      166      17.312
      167      17.433
      168      17.555
      169      17.675
      170      17.796
      171      17.916
      172      18.036
      173      18.156
      174      18.275
      175      18.394
      176      18.513
      177      18.631
      178      18.749
      179      18.867
      180      18.984
      181      19.101
      182      19.218
      183      19.334
      184      19.450
      185      19.565
      186      19.680
      187      19.794
      188      19.908
      189      20.022
      190      20.135
      191      20.248
      192      20.360
      193      20.472
      194      20.584
      195      20.695
      196      20.805
      197      20.915
      198      21.024
      199      21.133
      200      21.242
      201      21.350
      202      21.457
      203      21.564
      204      21.670
      205      21.775
      206      21.880
      207      21.985
      208      22.089
      209      22.192
      210      22.294
      211      22.396
      212      22.498
      213      22.598
      214      22.698
      215      22.797
      216      22.896
      217      22.994
      218      23.091
      219      23.187
      220      23.283
      221      23.377
      222      23.471
      223      23.564
      224      23.657
      225      23.748
      226      23.839
      227      23.929
      228      24.017
      229      24.105
      230      24.193
      231      24.279
      232      24.364
      233      24.449
      234      24.532
      235      24.614
      236      24.696
      237      24.777
      238      24.856
      239      24.935
      240      25.012
      241      25.089
      242      25.164
      243      25.239
      244      25.312
      245      25.384
      246      25.455
      247      25.525
      248      25.594
      249      25.662
      250      25.728
      251      25.793
      252      25.857
      253      25.919
      254      25.981
      255      26.040
      256      26.098
      257      26.155
      258      26.210
      259      26.263
      260      26.315
      261      26.364
      262      26.412
      263      26.457
      264      26.500
      265      26.540
      266      26.579
      267      26.614
