

  TXT                
        0       0.018
        1       0.036
        2       0.059
        3       0.087
        4       0.119
        5       0.155
        6       0.193
        7       0.234
        8       0.278
        9       0.324
       10       0.373
       11       0.423
       12       0.475
       13       0.529
       14       0.585
       15       0.642
       16       0.701
       17       0.762
       18       0.823
       19       0.887
       20       0.951
       21       1.017
       22       1.084
       23       1.152
       24       1.222
       25       1.292
       26       1.364
       27       1.437
       28       1.511
       29       1.586
       30       1.663
       31       1.740
       32       1.818
       33       1.898
       34       1.978
       35       2.060
       36       2.142
       37       2.226
       38       2.310
       39       2.395
       40       2.481
       41       2.568
       42       2.656
       43       2.745
       44       2.835
       45       2.926
       46       3.017
       47       3.109
       48       3.202
       49       3.296
       50       3.391
       51       3.486
       52       3.583
       53       3.679
       54       3.777
       55       3.875
       56       3.974
       57       4.074
       58       4.174
       59       4.275
       60       4.377
       61       4.479
       62       4.582
       63       4.686
       64       4.790
       65       4.895
       66       5.000
       67       5.106
       68       5.212
       69       5.319
       70       5.427
       71       5.535
       72       5.644
       73       5.753
       74       5.862
       75       5.973
       76       6.083
       77       6.194
       78       6.306
       79       6.418
       80       6.531
       81       6.644
       82       6.757
       83       6.871
       84       6.985
       85       7.100
       86       7.215
       87       7.330
       88       7.446
       89       7.563
       90       7.679
       91       7.796
       92       7.914
       93       8.032
       94       8.150
       95       8.268
       96       8.387
       97       8.506
       98       8.626
       99       8.746
      100       8.866
      101       8.986
      102       9.107
      103       9.228
      104       9.349
      105       9.471
      106       9.593
      107       9.715
      108       9.837
      109       9.960
      110      10.083
      111      10.206
      112      10.329
      113      10.453
      114      10.577
      115      10.701
      116      10.825
      117      10.949
      118      11.074
      119      11.198
      120      11.323
      121      11.448
      122      11.573
      123      11.698
      124      11.824
      125      11.949
      126      12.075
      127      12.201
      128      12.327
      129      12.453
      130      12.579
      131      12.705
      132      12.831
      133      12.957
      134      13.084
      135      13.210
      136      13.336
      137      13.463
      138      13.589
      139      13.716
      140      13.842
      141      13.968
      142      14.095
      143      14.221
      144      14.347
      145      14.473
      146      14.599
      147      14.725
      148      14.850
      149      14.976
      150      15.101
      151      15.226
      152      15.351
      153      15.476
      154      15.601
      155      15.725
      156      15.850
      157      15.974
      158      16.098
      159      16.222
      160      16.345
      161      16.468
      162      16.591
      163      16.714
      164      16.837
      165      16.959
      166      17.082
      167      17.204
      168      17.325
      169      17.447
      170      17.568
      171      17.689
      172      17.809
      173      17.929
      174      18.049
      175      18.169
      176      18.288
      177      18.407
      178      18.525
      179      18.644
      180      18.761
      181      18.879
      182      18.996
      183      19.113
      184      19.229
      185      19.345
      186      19.461
      187      19.576
      188      19.691
      189      19.805
      190      19.919
      191      20.032
      192      20.145
      193      20.258
      194      20.370
      195      20.482
      196      20.593
      197      20.704
      198      20.815
      199      20.924
      200      21.034
      201      21.143
      202      21.251
      203      21.359
      204      21.466
      205      21.573
      206      21.679
      207      21.784
      208      21.889
      209      21.993
      210      22.097
      211      22.200
      212      22.303
      213      22.405
      214      22.506
      215      22.606
      216      22.706
      217      22.805
      218      22.904
      219      23.001
      220      23.098
      221      23.195
      222      23.290
      223      23.385
      224      23.479
      225      23.572
      226      23.665
      227      23.757
      228      23.848
      229      23.938
      230      24.027
      231      24.115
      232      24.203
      233      24.290
      234      24.376
      235      24.461
      236      24.545
      237      24.628
      238      24.711
      239      24.792
      240      24.873
      241      24.952
      242      25.031
      243      25.109
      244      25.186
      245      25.261
      246      25.336
      247      25.409
      248      25.482
      249      25.553
      250      25.622
      251      25.691
      252      25.757
      253      25.823
      254      25.887
      255      25.949
      256      26.010
      257      26.069
      258      26.127
      259      26.182
      260      26.236
      261      26.289
      262      26.339
      263      26.388
      264      26.434
      265      26.479
      266      26.521
      267      26.561
      268      26.599
      269      26.635
