

  TXT                
        0       0.000
        1       0.003
        2       0.010
        3       0.020
        4       0.032
        5       0.046
        6       0.062
        7       0.079
        8       0.097
        9       0.117
       10       0.138
       11       0.160
       12       0.183
       13       0.207
       14       0.233
       15       0.259
       16       0.285
       17       0.313
       18       0.342
       19       0.371
       20       0.401
       21       0.432
       22       0.463
       23       0.496
       24       0.528
       25       0.562
       26       0.596
       27       0.631
       28       0.666
       29       0.702
       30       0.738
       31       0.775
       32       0.812
       33       0.850
       34       0.888
       35       0.927
       36       0.966
       37       1.006
       38       1.046
       39       1.086
       40       1.127
       41       1.168
       42       1.210
       43       1.252
       44       1.294
       45       1.336
       46       1.379
       47       1.422
       48       1.465
       49       1.509
       50       1.552
       51       1.596
       52       1.641
       53       1.685
       54       1.730
       55       1.775
       56       1.820
       57       1.865
       58       1.910
       59       1.955
       60       2.001
       61       2.046
       62       2.092
       63       2.138
       64       2.184
       65       2.230
       66       2.276
       67       2.322
       68       2.368
       69       2.414
       70       2.460
       71       2.506
       72       2.552
       73       2.598
       74       2.644
       75       2.689
       76       2.735
       77       2.781
       78       2.827
       79       2.872
       80       2.918
       81       2.963
       82       3.008
       83       3.053
       84       3.098
       85       3.143
       86       3.187
       87       3.232
       88       3.276
       89       3.320
       90       3.364
       91       3.407
       92       3.450
       93       3.493
       94       3.536
       95       3.579
       96       3.621
       97       3.663
       98       3.704
       99       3.746
      100       3.786
      101       3.827
      102       3.867
      103       3.907
      104       3.946
      105       3.985
      106       4.024
      107       4.062
      108       4.099
      109       4.137
      110       4.173
      111       4.209
      112       4.245
      113       4.280
      114       4.314
      115       4.348
      116       4.381
      117       4.414
      118       4.446
      119       4.477
      120       4.508
      121       4.537
      122       4.566
      123       4.595
      124       4.622
      125       4.649
      126       4.674
      127       4.699
      128       4.723
      129       4.745
      130       4.767
      131       4.787
      132       4.807
      133       4.824
      134       4.841
      135       4.856
      136       4.869
      137       4.880
      138       4.888
      139       4.893
      140       4.894
