

  TXT                
        0       0.000
        1       0.001
        2       0.005
        3       0.013
        4       0.023
        5       0.036
        6       0.051
        7       0.067
        8       0.085
        9       0.104
       10       0.124
       11       0.145
       12       0.168
       13       0.192
       14       0.217
       15       0.242
       16       0.269
       17       0.296
       18       0.325
       19       0.354
       20       0.384
       21       0.414
       22       0.446
       23       0.478
       24       0.511
       25       0.544
       26       0.578
       27       0.613
       28       0.648
       29       0.684
       30       0.720
       31       0.757
       32       0.794
       33       0.832
       34       0.870
       35       0.909
       36       0.948
       37       0.988
       38       1.028
       39       1.068
       40       1.109
       41       1.150
       42       1.191
       43       1.233
       44       1.275
       45       1.318
       46       1.361
       47       1.404
       48       1.447
       49       1.490
       50       1.534
       51       1.578
       52       1.622
       53       1.667
       54       1.711
       55       1.756
       56       1.801
       57       1.846
       58       1.892
       59       1.937
       60       1.983
       61       2.028
       62       2.074
       63       2.120
       64       2.166
       65       2.212
       66       2.258
       67       2.304
       68       2.350
       69       2.396
       70       2.442
       71       2.488
       72       2.535
       73       2.581
       74       2.627
       75       2.673
       76       2.719
       77       2.765
       78       2.811
       79       2.856
       80       2.902
       81       2.947
       82       2.993
       83       3.038
       84       3.083
       85       3.128
       86       3.173
       87       3.218
       88       3.263
       89       3.307
       90       3.351
       91       3.395
       92       3.438
       93       3.482
       94       3.525
       95       3.568
       96       3.610
       97       3.653
       98       3.695
       99       3.736
      100       3.778
      101       3.819
      102       3.859
      103       3.899
      104       3.939
      105       3.979
      106       4.018
      107       4.056
      108       4.094
      109       4.132
      110       4.169
      111       4.206
      112       4.242
      113       4.277
      114       4.312
      115       4.347
      116       4.381
      117       4.414
      118       4.446
      119       4.478
      120       4.509
      121       4.540
      122       4.570
      123       4.598
      124       4.627
      125       4.654
      126       4.680
      127       4.706
      128       4.730
      129       4.754
      130       4.776
      131       4.798
      132       4.818
      133       4.837
      134       4.854
      135       4.870
      136       4.885
      137       4.897
      138       4.908
      139       4.916
      140       4.920
