

  TXT                
        0       0.000
        1       0.001
        2       0.005
        3       0.012
        4       0.022
        5       0.035
        6       0.049
        7       0.066
        8       0.083
        9       0.102
       10       0.123
       11       0.144
       12       0.167
       13       0.191
       14       0.216
       15       0.241
       16       0.268
       17       0.296
       18       0.324
       19       0.353
       20       0.383
       21       0.414
       22       0.445
       23       0.478
       24       0.510
       25       0.544
       26       0.578
       27       0.613
       28       0.648
       29       0.684
       30       0.720
       31       0.757
       32       0.794
       33       0.832
       34       0.871
       35       0.909
       36       0.949
       37       0.988
       38       1.028
       39       1.069
       40       1.110
       41       1.151
       42       1.192
       43       1.234
       44       1.277
       45       1.319
       46       1.362
       47       1.405
       48       1.448
       49       1.492
       50       1.536
       51       1.580
       52       1.624
       53       1.669
       54       1.713
       55       1.758
       56       1.803
       57       1.849
       58       1.894
       59       1.939
       60       1.985
       61       2.031
       62       2.077
       63       2.122
       64       2.168
       65       2.214
       66       2.261
       67       2.307
       68       2.353
       69       2.399
       70       2.445
       71       2.491
       72       2.538
       73       2.584
       74       2.630
       75       2.676
       76       2.722
       77       2.768
       78       2.814
       79       2.860
       80       2.905
       81       2.951
       82       2.996
       83       3.042
       84       3.087
       85       3.132
       86       3.177
       87       3.221
       88       3.266
       89       3.310
       90       3.354
       91       3.398
       92       3.442
       93       3.485
       94       3.528
       95       3.571
       96       3.613
       97       3.656
       98       3.698
       99       3.739
      100       3.780
      101       3.821
      102       3.862
      103       3.902
      104       3.942
      105       3.981
      106       4.020
      107       4.058
      108       4.096
      109       4.134
      110       4.171
      111       4.207
      112       4.243
      113       4.279
      114       4.314
      115       4.348
      116       4.382
      117       4.415
      118       4.447
      119       4.479
      120       4.510
      121       4.540
      122       4.570
      123       4.599
      124       4.627
      125       4.654
      126       4.680
      127       4.706
      128       4.730
      129       4.753
      130       4.776
      131       4.797
      132       4.817
      133       4.835
      134       4.853
      135       4.868
      136       4.883
      137       4.895
      138       4.905
      139       4.913
      140       4.915
