

  TXT                
        0       0.011
        1       0.031
        2       0.057
        3       0.090
        4       0.128
        5       0.170
        6       0.214
        7       0.260
        8       0.309
        9       0.359
       10       0.412
       11       0.465
       12       0.521
       13       0.578
       14       0.636
       15       0.696
       16       0.758
       17       0.821
       18       0.885
       19       0.950
       20       1.017
       21       1.085
       22       1.155
       23       1.226
       24       1.298
       25       1.371
       26       1.445
       27       1.520
       28       1.597
       29       1.674
       30       1.753
       31       1.832
       32       1.913
       33       1.995
       34       2.077
       35       2.161
       36       2.246
       37       2.331
       38       2.417
       39       2.505
       40       2.593
       41       2.682
       42       2.772
       43       2.863
       44       2.954
       45       3.047
       46       3.140
       47       3.234
       48       3.329
       49       3.424
       50       3.520
       51       3.617
       52       3.715
       53       3.813
       54       3.913
       55       4.012
       56       4.113
       57       4.214
       58       4.315
       59       4.418
       60       4.521
       61       4.624
       62       4.728
       63       4.833
       64       4.938
       65       5.044
       66       5.150
       67       5.257
       68       5.365
       69       5.473
       70       5.581
       71       5.690
       72       5.800
       73       5.910
       74       6.021
       75       6.132
       76       6.243
       77       6.355
       78       6.468
       79       6.580
       80       6.694
       81       6.808
       82       6.922
       83       7.036
       84       7.151
       85       7.267
       86       7.382
       87       7.499
       88       7.615
       89       7.732
       90       7.849
       91       7.967
       92       8.085
       93       8.203
       94       8.321
       95       8.440
       96       8.559
       97       8.678
       98       8.798
       99       8.918
      100       9.038
      101       9.158
      102       9.279
      103       9.400
      104       9.521
      105       9.642
      106       9.764
      107       9.886
      108      10.008
      109      10.130
      110      10.252
      111      10.375
      112      10.497
      113      10.620
      114      10.743
      115      10.866
      116      10.990
      117      11.113
      118      11.237
      119      11.361
      120      11.485
      121      11.609
      122      11.733
      123      11.857
      124      11.981
      125      12.105
      126      12.230
      127      12.354
      128      12.479
      129      12.604
      130      12.728
      131      12.853
      132      12.978
      133      13.102
      134      13.227
      135      13.352
      136      13.476
      137      13.601
      138      13.726
      139      13.850
      140      13.975
      141      14.099
      142      14.223
      143      14.348
      144      14.472
      145      14.596
      146      14.720
      147      14.843
      148      14.967
      149      15.090
      150      15.214
      151      15.337
      152      15.460
      153      15.582
      154      15.705
      155      15.827
      156      15.950
      157      16.071
      158      16.193
      159      16.315
      160      16.436
      161      16.557
      162      16.678
      163      16.798
      164      16.919
      165      17.039
      166      17.159
      167      17.278
      168      17.397
      169      17.516
      170      17.635
      171      17.753
      172      17.871
      173      17.989
      174      18.106
      175      18.223
      176      18.340
      177      18.456
      178      18.572
      179      18.688
      180      18.803
      181      18.918
      182      19.032
      183      19.146
      184      19.260
      185      19.373
      186      19.486
      187      19.598
      188      19.710
      189      19.821
      190      19.932
      191      20.043
      192      20.153
      193      20.262
      194      20.371
      195      20.479
      196      20.587
      197      20.695
      198      20.801
      199      20.908
      200      21.014
      201      21.119
      202      21.223
      203      21.327
      204      21.431
      205      21.534
      206      21.636
      207      21.738
      208      21.839
      209      21.939
      210      22.039
      211      22.138
      212      22.237
      213      22.335
      214      22.432
      215      22.528
      216      22.624
      217      22.719
      218      22.813
      219      22.906
      220      22.999
      221      23.090
      222      23.181
      223      23.272
      224      23.361
      225      23.449
      226      23.537
      227      23.624
      228      23.710
      229      23.795
      230      23.879
      231      23.962
      232      24.044
      233      24.126
      234      24.206
      235      24.286
      236      24.364
      237      24.442
      238      24.518
      239      24.594
      240      24.669
      241      24.742
      242      24.815
      243      24.886
      244      24.957
      245      25.026
      246      25.094
      247      25.161
      248      25.226
      249      25.291
      250      25.354
      251      25.415
      252      25.475
      253      25.534
      254      25.591
      255      25.646
      256      25.700
      257      25.752
      258      25.802
      259      25.850
      260      25.897
      261      25.941
      262      25.982
      263      26.022
      264      26.059
      265      26.093
      266      26.125
