

  TXT                
        0       0.003
        1       0.013
        2       0.031
        3       0.054
        4       0.081
        5       0.112
        6       0.147
        7       0.185
        8       0.225
        9       0.268
       10       0.314
       11       0.362
       12       0.412
       13       0.463
       14       0.517
       15       0.573
       16       0.630
       17       0.689
       18       0.750
       19       0.812
       20       0.875
       21       0.940
       22       1.006
       23       1.074
       24       1.143
       25       1.212
       26       1.284
       27       1.356
       28       1.429
       29       1.504
       30       1.580
       31       1.656
       32       1.734
       33       1.813
       34       1.893
       35       1.974
       36       2.056
       37       2.138
       38       2.222
       39       2.306
       40       2.392
       41       2.478
       42       2.565
       43       2.652
       44       2.741
       45       2.830
       46       2.919
       47       3.010
       48       3.101
       49       3.193
       50       3.285
       51       3.378
       52       3.471
       53       3.565
       54       3.659
       55       3.754
       56       3.850
       57       3.946
       58       4.042
       59       4.139
       60       4.236
       61       4.333
       62       4.431
       63       4.529
       64       4.627
       65       4.726
       66       4.825
       67       4.925
       68       5.024
       69       5.124
       70       5.224
       71       5.324
       72       5.424
       73       5.525
       74       5.625
       75       5.726
       76       5.827
       77       5.928
       78       6.029
       79       6.130
       80       6.231
       81       6.332
       82       6.433
       83       6.534
       84       6.635
       85       6.736
       86       6.837
       87       6.938
       88       7.039
       89       7.139
       90       7.240
       91       7.340
       92       7.440
       93       7.540
       94       7.640
       95       7.739
       96       7.838
       97       7.937
       98       8.036
       99       8.134
      100       8.232
      101       8.330
      102       8.427
      103       8.524
      104       8.621
      105       8.717
      106       8.813
      107       8.908
      108       9.003
      109       9.098
      110       9.191
      111       9.285
      112       9.378
      113       9.470
      114       9.561
      115       9.652
      116       9.743
      117       9.832
      118       9.921
      119      10.010
      120      10.097
      121      10.184
      122      10.270
      123      10.355
      124      10.440
      125      10.523
      126      10.606
      127      10.687
      128      10.768
      129      10.848
      130      10.927
      131      11.004
      132      11.080
      133      11.156
      134      11.230
      135      11.302
      136      11.373
      137      11.443
      138      11.512
      139      11.579
      140      11.644
      141      11.708
      142      11.770
      143      11.831
      144      11.889
      145      11.946
      146      12.001
      147      12.054
      148      12.105
      149      12.154
      150      12.200
      151      12.243
      152      12.284
      153      12.320
      154      12.353
      155      12.381
      156      12.403
      157      12.417
      158      12.425
      159      12.428
