

  TXT                
        0       0.065
        1       0.094
        2       0.130
        3       0.170
        4       0.212
        5       0.257
        6       0.304
        7       0.354
        8       0.405
        9       0.458
       10       0.513
       11       0.570
       12       0.628
       13       0.687
       14       0.748
       15       0.811
       16       0.875
       17       0.940
       18       1.006
       19       1.074
       20       1.143
       21       1.214
       22       1.285
       23       1.358
       24       1.432
       25       1.507
       26       1.583
       27       1.660
       28       1.738
       29       1.817
       30       1.897
       31       1.979
       32       2.061
       33       2.144
       34       2.228
       35       2.313
       36       2.399
       37       2.486
       38       2.574
       39       2.662
       40       2.752
       41       2.842
       42       2.933
       43       3.025
       44       3.117
       45       3.211
       46       3.305
       47       3.400
       48       3.496
       49       3.592
       50       3.689
       51       3.787
       52       3.885
       53       3.985
       54       4.085
       55       4.185
       56       4.286
       57       4.388
       58       4.491
       59       4.594
       60       4.697
       61       4.802
       62       4.907
       63       5.012
       64       5.118
       65       5.225
       66       5.332
       67       5.440
       68       5.548
       69       5.657
       70       5.767
       71       5.877
       72       5.987
       73       6.098
       74       6.209
       75       6.321
       76       6.434
       77       6.547
       78       6.660
       79       6.774
       80       6.888
       81       7.003
       82       7.118
       83       7.233
       84       7.349
       85       7.465
       86       7.582
       87       7.699
       88       7.817
       89       7.934
       90       8.053
       91       8.171
       92       8.290
       93       8.409
       94       8.529
       95       8.649
       96       8.769
       97       8.889
       98       9.010
       99       9.131
      100       9.253
      101       9.374
      102       9.496
      103       9.618
      104       9.741
      105       9.863
      106       9.986
      107      10.109
      108      10.233
      109      10.356
      110      10.480
      111      10.604
      112      10.728
      113      10.852
      114      10.977
      115      11.102
      116      11.226
      117      11.351
      118      11.477
      119      11.602
      120      11.727
      121      11.853
      122      11.979
      123      12.104
      124      12.230
      125      12.356
      126      12.482
      127      12.609
      128      12.735
      129      12.861
      130      12.987
      131      13.114
      132      13.240
      133      13.367
      134      13.493
      135      13.620
      136      13.746
      137      13.872
      138      13.999
      139      14.125
      140      14.251
      141      14.377
      142      14.503
      143      14.629
      144      14.755
      145      14.880
      146      15.006
      147      15.131
      148      15.256
      149      15.381
      150      15.506
      151      15.631
      152      15.755
      153      15.880
      154      16.004
      155      16.128
      156      16.252
      157      16.375
      158      16.498
      159      16.622
      160      16.744
      161      16.867
      162      16.989
      163      17.112
      164      17.234
      165      17.355
      166      17.477
      167      17.598
      168      17.718
      169      17.839
      170      17.959
      171      18.079
      172      18.198
      173      18.318
      174      18.437
      175      18.555
      176      18.673
      177      18.791
      178      18.908
      179      19.025
      180      19.142
      181      19.258
      182      19.374
      183      19.490
      184      19.605
      185      19.720
      186      19.834
      187      19.948
      188      20.061
      189      20.174
      190      20.287
      191      20.399
      192      20.511
      193      20.622
      194      20.733
      195      20.843
      196      20.953
      197      21.062
      198      21.170
      199      21.278
      200      21.386
      201      21.493
      202      21.599
      203      21.705
      204      21.810
      205      21.915
      206      22.019
      207      22.122
      208      22.225
      209      22.327
      210      22.429
      211      22.529
      212      22.630
      213      22.729
      214      22.828
      215      22.926
      216      23.023
      217      23.120
      218      23.216
      219      23.311
      220      23.405
      221      23.499
      222      23.592
      223      23.684
      224      23.775
      225      23.866
      226      23.956
      227      24.045
      228      24.133
      229      24.220
      230      24.307
      231      24.392
      232      24.477
      233      24.561
      234      24.644
      235      24.726
      236      24.808
      237      24.888
      238      24.967
      239      25.046
      240      25.123
      241      25.199
      242      25.274
      243      25.348
      244      25.420
      245      25.491
      246      25.561
      247      25.629
      248      25.696
      249      25.762
      250      25.826
      251      25.888
      252      25.949
      253      26.009
      254      26.067
      255      26.123
      256      26.178
      257      26.230
      258      26.282
      259      26.331
      260      26.378
      261      26.424
      262      26.467
      263      26.508
      264      26.547
