

  TXT                
        0       0.012
        1       0.026
        2       0.051
        3       0.083
        4       0.119
        5       0.159
        6       0.202
        7       0.247
        8       0.294
        9       0.344
       10       0.395
       11       0.448
       12       0.503
       13       0.559
       14       0.617
       15       0.677
       16       0.738
       17       0.800
       18       0.864
       19       0.929
       20       0.996
       21       1.064
       22       1.132
       23       1.203
       24       1.274
       25       1.346
       26       1.420
       27       1.495
       28       1.570
       29       1.647
       30       1.725
       31       1.804
       32       1.883
       33       1.964
       34       2.046
       35       2.129
       36       2.212
       37       2.297
       38       2.382
       39       2.469
       40       2.556
       41       2.644
       42       2.733
       43       2.823
       44       2.913
       45       3.005
       46       3.097
       47       3.190
       48       3.284
       49       3.379
       50       3.474
       51       3.570
       52       3.667
       53       3.764
       54       3.863
       55       3.961
       56       4.061
       57       4.161
       58       4.262
       59       4.363
       60       4.465
       61       4.568
       62       4.671
       63       4.775
       64       4.879
       65       4.984
       66       5.090
       67       5.196
       68       5.302
       69       5.410
       70       5.517
       71       5.625
       72       5.734
       73       5.843
       74       5.953
       75       6.063
       76       6.173
       77       6.284
       78       6.396
       79       6.508
       80       6.620
       81       6.733
       82       6.846
       83       6.960
       84       7.074
       85       7.188
       86       7.303
       87       7.418
       88       7.534
       89       7.650
       90       7.766
       91       7.883
       92       8.000
       93       8.118
       94       8.236
       95       8.354
       96       8.472
       97       8.591
       98       8.710
       99       8.829
      100       8.949
      101       9.069
      102       9.189
      103       9.309
      104       9.430
      105       9.551
      106       9.672
      107       9.793
      108       9.915
      109      10.037
      110      10.159
      111      10.281
      112      10.404
      113      10.527
      114      10.650
      115      10.773
      116      10.896
      117      11.019
      118      11.143
      119      11.267
      120      11.391
      121      11.515
      122      11.639
      123      11.763
      124      11.888
      125      12.012
      126      12.137
      127      12.262
      128      12.386
      129      12.511
      130      12.636
      131      12.761
      132      12.887
      133      13.012
      134      13.137
      135      13.262
      136      13.387
      137      13.512
      138      13.638
      139      13.763
      140      13.888
      141      14.013
      142      14.138
      143      14.262
      144      14.387
      145      14.512
      146      14.636
      147      14.761
      148      14.885
      149      15.009
      150      15.133
      151      15.257
      152      15.380
      153      15.504
      154      15.627
      155      15.751
      156      15.874
      157      15.996
      158      16.119
      159      16.242
      160      16.364
      161      16.486
      162      16.608
      163      16.729
      164      16.851
      165      16.972
      166      17.093
      167      17.213
      168      17.334
      169      17.454
      170      17.574
      171      17.693
      172      17.812
      173      17.931
      174      18.050
      175      18.168
      176      18.287
      177      18.404
      178      18.522
      179      18.639
      180      18.755
      181      18.872
      182      18.988
      183      19.104
      184      19.219
      185      19.334
      186      19.448
      187      19.563
      188      19.676
      189      19.790
      190      19.903
      191      20.015
      192      20.127
      193      20.239
      194      20.350
      195      20.461
      196      20.571
      197      20.681
      198      20.791
      199      20.900
      200      21.008
      201      21.116
      202      21.224
      203      21.331
      204      21.437
      205      21.543
      206      21.648
      207      21.753
      208      21.858
      209      21.962
      210      22.065
      211      22.168
      212      22.270
      213      22.371
      214      22.472
      215      22.573
      216      22.672
      217      22.771
      218      22.870
      219      22.967
      220      23.064
      221      23.160
      222      23.256
      223      23.350
      224      23.444
      225      23.537
      226      23.629
      227      23.720
      228      23.810
      229      23.899
      230      23.988
      231      24.075
      232      24.162
      233      24.247
      234      24.332
      235      24.415
      236      24.498
      237      24.580
      238      24.661
      239      24.740
      240      24.819
      241      24.896
      242      24.973
      243      25.048
      244      25.123
      245      25.196
      246      25.268
      247      25.339
      248      25.408
      249      25.477
      250      25.544
      251      25.610
      252      25.674
      253      25.737
      254      25.799
      255      25.860
      256      25.918
      257      25.976
      258      26.032
      259      26.086
      260      26.138
      261      26.189
      262      26.238
      263      26.286
      264      26.331
      265      26.374
      266      26.414
      267      26.452
      268      26.487
      269      26.519
